0 0.235 0.525 0.259375 0.568333
0 0.25 0.644167 0.27625 0.660833
0 0.256875 0.335833 0.2775 0.361667
0 0.293125 0.561667 0.32 0.604167
0 0.296875 0.666667 0.31625 0.699167
0 0.298125 0.26 0.32625 0.295833
0 0.305625 0.3275 0.32875 0.36000000000000004
0 0.310625 0.726667 0.32875 0.749167
0 0.31875 0.581667 0.345625 0.623333
0 0.3225 0.411667 0.3525 0.4491669999999999
0 0.334375 0.626667 0.355 0.650833
0 0.339375 0.7475 0.3575 0.766667
0 0.339375 0.768333 0.3625 0.794167
0 0.3525 0.394167 0.375625 0.421667
0 0.370625 0.7475 0.395 0.7783329999999999
0 0.371875 0.49583299999999997 0.39 0.515
0 0.373125 0.673333 0.3925 0.7075
0 0.375625 0.7883330000000001 0.39625 0.814167
0 0.384375 0.644167 0.411875 0.673333
0 0.39375 0.526667 0.419375 0.568333
0 0.4075 0.301667 0.435 0.329167
0 0.419375 0.666667 0.43375 0.686667
0 0.419375 0.41666700000000007 0.43625 0.4375
0 0.426875 0.471667 0.450625 0.504167
0 0.435 0.3425 0.463125 0.366667
0 0.4375 0.4925 0.465625 0.523333
0 0.44625 0.201667 0.4725 0.23083299999999998
0 0.450625 0.6575 0.47875 0.686667
0 0.460625 0.644167 0.490625 0.678333
0 0.464375 0.561667 0.48375 0.589167
0 0.464375 0.83 0.48375 0.8508330000000001
0 0.465625 0.600833 0.491875 0.63
0 0.4725 0.450833 0.496875 0.47833299999999995
0 0.4725 0.485833 0.503125 0.531667
0 0.491875 0.21166699999999997 0.52 0.244167
0 0.494375 0.290833 0.515 0.3275
0 0.496875 0.609167 0.5125 0.639167
0 0.501875 0.25 0.52125 0.271667
0 0.501875 0.7216670000000001 0.52125 0.7458329999999999
0 0.503125 0.3975 0.51875 0.43083299999999997
0 0.51 0.573333 0.54125 0.643333
0 0.515 0.7425 0.534375 0.764167
0 0.51875 0.4825 0.54875 0.515
0 0.5225 0.345833 0.540625 0.3875
0 0.534375 0.418333 0.54875 0.4491669999999999
0 0.536875 0.718333 0.564375 0.750833
0 0.538125 0.350833 0.56125 0.389167
0 0.5525 0.594167 0.58375 0.635
0 0.5575 0.4475 0.579375 0.484167
0 0.55875 0.390833 0.579375 0.43583299999999997
0 0.56 0.179167 0.58875 0.22
0 0.56 0.531667 0.59 0.5525
0 0.56125 0.768333 0.5875 0.7975
0 0.570625 0.244167 0.6 0.284167
0 0.579375 0.573333 0.605625 0.6075
0 0.585 0.7025 0.6 0.7200000000000001
0 0.5925 0.53 0.614375 0.554167
0 0.59625 0.6750000000000002 0.615625 0.709167
0 0.60125 0.8575 0.63625 0.904167
0 0.605625 0.7475 0.63125 0.775
0 0.6225 0.425 0.644375 0.461667
0 0.650625 0.284167 0.70375 0.3475
0 0.653125 0.434167 0.680625 0.465
0 0.735625 0.4375 0.765625 0.485833
