0 0.0 0.86875 0.084375 0.999219
0 0.05125 0.6523439999999999 0.139375 0.696875
0 0.100625 0.83125 0.249375 0.9734370000000002
0 0.1175 0.54375 0.16 0.569531
0 0.210625 0.559375 0.264375 0.614844
0 0.264375 0.516406 0.321875 0.564844
0 0.291875 0.464844 0.345625 0.49921899999999997
0 0.294375 0.659375 0.37 0.7125
0 0.3675 0.4632810000000001 0.4225 0.4945310000000001
0 0.4925 0.74375 0.60375 0.803906
0 0.660625 0.392969 0.716875 0.4445310000000001
0 0.769375 0.7375 0.90875 0.8320309999999999
0 0.8325 0.42343800000000004 0.86 0.464844
0 0.94625 0.755469 0.999375 0.8773440000000001
