0 0.0 0.328612 0.06 0.47025500000000003
0 0.06625 0.355996 0.141875 0.501416
0 0.165 0.377715 0.235625 0.518414
0 0.191875 0.210576 0.26875 0.282342
0 0.27125 0.427762 0.42 0.575071
0 0.3575 0.328612 0.4775 0.46458900000000003
0 0.439375 0.394712 0.601875 0.5486310000000001
0 0.48125 0.280453 0.53 0.402266
0 0.498125 0.29745 0.601875 0.394712
0 0.5775 0.40037799999999996 0.72625 0.520302
0 0.609375 0.162417 0.67125 0.272899
0 0.706875 0.27667600000000003 0.81875 0.37299299999999996
0 0.951875 0.344665 0.999375 0.41831899999999994
