0 0.00625 0.604905 0.09875 0.7020890000000001
0 0.00625 0.173479 0.135 0.271571
0 0.00875 0.8247049999999999 0.13 0.9336969999999999
0 0.01125 0.506812 0.11875 0.60218
0 0.01125 0.277021 0.1275 0.378747
0 0.01125 0.384196 0.15875 0.5140779999999999
0 0.01375 0.694823 0.13 0.8247049999999999
0 0.01375 0.064487 0.14625 0.156222
0 0.10625 0.60218 0.21375 0.708447
0 0.125 0.504995 0.3225 0.604905
0 0.1275 0.817439 0.25875 0.9318799999999999
0 0.1325 0.71753 0.25375 0.8156220000000001
0 0.1325 0.287012 0.27 0.384196
0 0.1325 0.052679 0.29 0.175295
0 0.1475 0.178928 0.2925 0.28247
0 0.16125 0.387829 0.40375 0.503179
0 0.2325 0.613987 0.31125 0.708447
0 0.24 0.8310629999999999 0.3875 0.9355129999999999
0 0.24375 0.721163 0.39625 0.819255
0 0.24875 0.26703000000000005 0.39625 0.38238
0 0.26875 0.05812899999999999 0.39125 0.16348800000000002
0 0.275 0.181653 0.4275 0.26521300000000003
0 0.30375 0.604905 0.5175 0.7057220000000001
0 0.34875000000000006 0.501362 0.4625 0.606721
0 0.36999999999999994 0.066303 0.51 0.156222
0 0.39125 0.713896 0.515 0.813806
0 0.39125 0.8301540000000001 0.655 0.9418709999999999
0 0.39625 0.28610399999999997 0.53375 0.374205
0 0.40124999999999994 0.380563 0.52 0.49500500000000003
0 0.435 0.175295 0.55375 0.26703000000000005
0 0.49874999999999997 0.496821 0.59125 0.59673
0 0.50125 0.037239 0.65375 0.16802899999999998
0 0.50875 0.710263 0.64375 0.822888
0 0.515 0.384196 0.65375 0.496821
0 0.52 0.604905 0.64625 0.7020890000000001
0 0.53625 0.26521300000000003 0.69875 0.37057199999999996
0 0.53875 0.16802899999999998 0.6675 0.26158000000000003
0 0.6075 0.49500500000000003 0.74125 0.60218
0 0.64875 0.606721 0.74875 0.719346
0 0.65125 0.368756 0.77 0.49500500000000003
0 0.65125 0.722979 0.77 0.822888
0 0.6575 0.06267 0.77 0.16439600000000001
0 0.66 0.8310629999999999 0.7675 0.9355129999999999
0 0.6625 0.175295 0.755 0.263397
0 0.7149999999999999 0.26521300000000003 0.8675 0.396004
0 0.73625 0.58129 0.87375 0.719346
0 0.74375 0.72752 0.87375 0.832879
0 0.7575 0.49500500000000003 0.88125 0.59673
0 0.7649999999999999 0.39963699999999996 0.88625 0.487738
0 0.775 0.064487 0.8787500000000001 0.177112
0 0.7787499999999999 0.8383290000000001 0.8787500000000001 0.9209809999999999
0 0.78125 0.18347 0.8787500000000001 0.26158000000000003
