0 0.337 0.632491 0.487 0.713357
0 0.077 0.15018099999999998 0.132 0.20649800000000001
0 0.077 0.534296 0.217 0.599278
0 0.08 0.6115520000000001 0.19599999999999998 0.707581
0 0.08 0.062816 0.21299999999999997 0.122744
0 0.084 0.294585 0.175 0.37111900000000003
0 0.087 0.222383 0.168 0.27509
0 0.087 0.813718 0.225 0.930686
0 0.092 0.465704 0.149 0.529242
0 0.092 0.72491 0.272 0.8122739999999999
0 0.09399999999999999 0.381949 0.208 0.455596
0 0.139 0.14873599999999998 0.208 0.19855599999999998
0 0.172 0.22599299999999997 0.232 0.268592
0 0.175 0.46714799999999995 0.255 0.519134
0 0.194 0.294585 0.289 0.368231
0 0.19599999999999998 0.140072 0.286 0.2
0 0.21 0.615162 0.32 0.698917
0 0.21299999999999997 0.057762 0.284 0.122744
0 0.22000000000000003 0.820939 0.346 0.925632
0 0.222 0.379783 0.301 0.450542
0 0.222 0.5581229999999999 0.301 0.59639
0 0.248 0.222383 0.343 0.2787
0 0.265 0.46209399999999995 0.331 0.524188
0 0.279 0.72491 0.379 0.817329
0 0.286 0.038988999999999996 0.384 0.132852
0 0.298 0.304693 0.393 0.36317699999999997
0 0.298 0.5530689999999999 0.403 0.5906140000000001
0 0.31 0.14657 0.35800000000000004 0.19133599999999998
0 0.324 0.381949 0.403 0.45198599999999994
0 0.331 0.8296030000000001 0.555 0.9198559999999999
0 0.346 0.46714799999999995 0.41000000000000003 0.519134
0 0.3529999999999999 0.222383 0.41899999999999993 0.2787
0 0.379 0.145126 0.474 0.19278
0 0.386 0.7299640000000001 0.48300000000000004 0.8122739999999999
0 0.398 0.551625 0.491 0.594224
0 0.398 0.044043 0.495 0.127798
0 0.41899999999999993 0.297473 0.507 0.36606500000000003
0 0.431 0.46209399999999995 0.514 0.522022
0 0.436 0.381949 0.507 0.450542
0 0.438 0.22599299999999997 0.559 0.285921
0 0.486 0.16028900000000001 0.569 0.19639
0 0.502 0.7263539999999999 0.593 0.8101079999999999
0 0.505 0.54296 0.557 0.594224
0 0.505 0.044043 0.7090000000000001 0.145126
0 0.512 0.616606 0.605 0.711191
0 0.529 0.302527 0.597 0.36606500000000003
0 0.533 0.384838 0.612 0.448375
0 0.533 0.46065 0.621 0.527798
0 0.562 0.832491 0.657 0.9220219999999999
0 0.567 0.548014 0.683 0.604332
0 0.571 0.23104699999999997 0.628 0.28231
0 0.581 0.15740099999999999 0.666 0.19278
0 0.6 0.72491 0.69 0.8238270000000001
0 0.621 0.620217 0.7230000000000001 0.702527
0 0.628 0.308303 0.7020000000000001 0.36317699999999997
0 0.631 0.384838 0.697 0.448375
0 0.645 0.217329 0.707 0.28231
0 0.645 0.474368 0.726 0.527798
0 0.666 0.16534300000000002 0.726 0.194946
0 0.676 0.834657 0.83 0.930686
0 0.697 0.54657 0.747 0.597834
0 0.704 0.733574 0.871 0.817329
0 0.711 0.213718 0.8730000000000001 0.28880900000000004
0 0.7160000000000001 0.309747 0.785 0.369675
0 0.728 0.392058 0.783 0.441877
0 0.728 0.062816 0.806 0.131408
0 0.73 0.46714799999999995 0.811 0.525632
0 0.735 0.15740099999999999 0.79 0.19639
0 0.7379999999999999 0.6115520000000001 0.854 0.7176899999999999
0 0.768 0.5530689999999999 0.89 0.604332
0 0.797 0.162455 0.847 0.19278
0 0.804 0.392058 0.871 0.443321
0 0.809 0.066426 0.8730000000000001 0.1213
0 0.811 0.304693 0.882 0.36317699999999997
0 0.821 0.46426000000000006 0.947 0.527798
0 0.84 0.8274370000000001 0.9660000000000001 0.9285200000000001
0 0.847 0.623827 0.961 0.719856
0 0.8590000000000001 0.16028900000000001 0.897 0.2
0 0.875 0.72491 0.975 0.808664
0 0.8800000000000001 0.39711199999999997 0.9559999999999998 0.443321
0 0.885 0.213718 0.9629999999999999 0.290975
0 0.892 0.062816 0.944 0.1213
0 0.892 0.5530689999999999 0.954 0.610108
0 0.892 0.309747 0.961 0.361011
0 0.911 0.15523499999999998 0.9629999999999999 0.19639
