0 0.00875 0.158333 0.05625 0.229167
0 0.085 0.22583300000000003 0.12375 0.311667
0 0.108125 0.2275 0.176875 0.313333
0 0.275 0.196667 0.305625 0.255
0 0.308125 0.188333 0.340625 0.248333
0 0.376875 0.224167 0.435 0.375
0 0.46875 0.23083299999999998 0.535625 0.3725
0 0.498125 0.303333 0.55125 0.41
0 0.52375 0.208333 0.573125 0.37083299999999997
0 0.565625 0.235833 0.619375 0.3741670000000001
0 0.603125 0.23416700000000001 0.653125 0.38583300000000004
0 0.66125 0.205 0.7075 0.3175
0 0.67625 0.224167 0.755 0.3825
0 0.691875 0.16 0.731875 0.24
0 0.728125 0.2225 0.763125 0.346667
0 0.75625 0.23416700000000001 0.813125 0.335833
0 0.77875 0.248333 0.81875 0.361667
0 0.825 0.25166700000000003 0.879375 0.3725
