0 0.070625 0.524167 0.231875 0.7775
0 0.150625 0.29 0.424375 0.9133330000000001
0 0.2475 0.320833 0.335 0.49333299999999997
0 0.4475 0.31083299999999997 0.660625 0.889167
0 0.464375 0.19833299999999998 0.59 0.480833
0 0.549375 0.279167 0.67625 0.640833
0 0.56375 0.098333 0.68 0.301667
0 0.67875 0.303333 0.78625 0.651667
0 0.693125 0.0 0.82875 0.285
0 0.7075 0.1575 0.859375 0.451667
0 0.779375 0.608333 0.919375 0.9875000000000002
0 0.854375 0.16583299999999998 0.94875 0.45833299999999993
0 0.8675 0.4000000000000001 0.98375 0.585833
