0 0.0 0.5664060000000001 0.019531 0.615885
0 0.0 0.701823 0.041016000000000004 0.813802
0 0.014648 0.606771 0.053711 0.686198
0 0.041992 0.7617189999999999 0.09472699999999999 0.958333
0 0.043945 0.651042 0.09472699999999999 0.7213540000000002
0 0.047852 0.71224 0.151367 0.8151040000000002
0 0.048827999999999996 0.614583 0.072266 0.677083
0 0.070312 0.5976560000000001 0.109375 0.640625
0 0.072266 0.875 0.16503900000000002 0.998698
0 0.106445 0.602865 0.142578 0.695312
0 0.11328099999999999 0.53125 0.135742 0.565104
0 0.128906 0.9348959999999998 0.185547 0.998698
0 0.162109 0.627604 0.204102 0.7382810000000001
0 0.162109 0.726562 0.257812 0.84375
0 0.16503900000000002 0.576823 0.193359 0.641927
0 0.203125 0.5351560000000001 0.22168000000000002 0.580729
0 0.207031 0.6054689999999999 0.24706999999999998 0.688802
0 0.229492 0.552083 0.253906 0.585938
0 0.256836 0.619792 0.291016 0.708333
0 0.257812 0.820312 0.34570300000000004 0.9960939999999999
0 0.269531 0.576823 0.29199200000000003 0.6210939999999999
0 0.29882800000000004 0.6757810000000001 0.329102 0.78776
0 0.305664 0.584635 0.344727 0.6835939999999999
0 0.32519499999999996 0.954427 0.412109 0.998698
0 0.32617199999999996 0.78125 0.390625 0.936198
0 0.33007800000000004 0.710938 0.389648 0.829427
0 0.34570300000000004 0.615885 0.382812 0.692708
0 0.36425799999999997 0.545573 0.389648 0.585938
0 0.37011700000000003 0.584635 0.414062 0.657552
0 0.396484 0.541667 0.416016 0.580729
0 0.41894499999999996 0.63151 0.47363299999999997 0.71875
0 0.423828 0.78776 0.523438 0.998698
0 0.43261700000000003 0.536458 0.541992 0.541667
0 0.43456999999999996 0.692708 0.508789 0.85026
0 0.43847700000000006 0.539062 0.451172 0.576823
0 0.45410200000000006 0.575521 0.48730500000000004 0.641927
0 0.460938 0.638021 0.5273439999999999 0.733073
0 0.50293 0.703125 0.5878909999999999 0.8125
0 0.512695 0.596354 0.5566409999999999 0.7161459999999998
0 0.5214840000000001 0.539062 0.538086 0.570312
0 0.533203 0.563802 0.567383 0.632812
0 0.548828 0.526042 0.55957 0.559896
0 0.563477 0.536458 0.573242 0.5625
0 0.563477 0.571615 0.5878909999999999 0.6367189999999999
0 0.576172 0.865885 0.661133 0.998698
0 0.579102 0.63151 0.631836 0.75651
0 0.583008 0.584635 0.6210939999999999 0.645833
0 0.586914 0.544271 0.5996090000000001 0.58724
0 0.614258 0.557292 0.655273 0.66276
0 0.616211 0.682292 0.664062 0.759115
0 0.635742 0.807292 0.708008 0.9973959999999998
0 0.651367 0.529948 0.682617 0.592448
0 0.651367 0.5898439999999999 0.69043 0.6679689999999999
0 0.674805 0.66276 0.726562 0.7630209999999998
0 0.686523 0.529948 0.7148439999999999 0.585938
0 0.698242 0.606771 0.7304689999999999 0.710938
0 0.7226560000000001 0.5195310000000001 0.749023 0.56901
0 0.7304689999999999 0.686198 0.78418 0.829427
0 0.739258 0.601562 0.772461 0.673177
0 0.757812 0.8242189999999999 0.842773 0.998698
0 0.760742 0.580729 0.7871090000000001 0.657552
0 0.7617189999999999 0.5351560000000001 0.7851560000000001 0.579427
0 0.766602 0.580729 0.795898 0.651042
0 0.795898 0.56901 0.814453 0.606771
0 0.8027340000000001 0.657552 0.8457030000000001 0.7942709999999998
0 0.8222659999999999 0.622396 0.8564450000000001 0.717448
0 0.827148 0.559896 0.844727 0.610677
0 0.8310549999999999 0.7161459999999998 0.9238280000000001 0.9869790000000002
0 0.8496090000000001 0.549479 0.864258 0.591146
0 0.8691409999999999 0.592448 0.902344 0.665365
0 0.871094 0.541667 0.890625 0.5820310000000001
0 0.875977 0.68099 0.936523 0.786458
0 0.9033200000000001 0.575521 0.9287110000000001 0.625
0 0.9033200000000001 0.630208 0.948242 0.717448
0 0.910156 0.701823 0.9511719999999999 0.848958
0 0.9248049999999999 0.536458 0.9511719999999999 0.596354
0 0.948242 0.580729 0.9755860000000001 0.695312
0 0.9707030000000001 0.549479 0.9931639999999999 0.619792
