0 0.4325 0.866667 0.48875 0.9975
0 0.0 0.63 0.01875 0.718333
0 0.0 0.5283329999999999 0.029375 0.628333
0 0.0 0.6925 0.066875 0.883333
0 0.0 0.5341670000000001 0.999375 0.999167
0 0.000625 0.926667 0.033125 0.996667
0 0.01 0.9416670000000001 0.04875 0.999167
0 0.021875 0.535833 0.036875 0.639167
0 0.039375 0.571667 0.070625 0.6575
0 0.04875 0.931667 0.09625 0.999167
0 0.065625 0.561667 0.09125 0.649167
0 0.066875 0.7799999999999999 0.114375 0.88
0 0.073125 0.623333 0.103125 0.715
0 0.08875 0.5975 0.1225 0.7025
0 0.0975 0.57 0.1275 0.660833
0 0.100625 0.749167 0.141875 0.8249999999999998
0 0.12125 0.7200000000000001 0.15875 0.8249999999999998
0 0.13625 0.936667 0.16875 0.999167
0 0.143125 0.56 0.175 0.635
0 0.150625 0.581667 0.185625 0.645833
0 0.16125 0.810833 0.20125 0.914167
0 0.16375 0.7008329999999999 0.20125 0.785
0 0.16625 0.618333 0.2 0.715
0 0.176875 0.73 0.20875 0.8058330000000001
0 0.178125 0.9175 0.221875 0.999167
0 0.189375 0.6925 0.226875 0.755833
0 0.190625 0.583333 0.218125 0.668333
0 0.19625 0.7766670000000001 0.230625 0.860833
0 0.2125 0.611667 0.256875 0.68
0 0.215625 0.750833 0.255625 0.844167
0 0.221875 0.633333 0.260625 0.735
0 0.225625 0.7233329999999999 0.259375 0.785
0 0.226875 0.58 0.25 0.628333
0 0.25125 0.585833 0.27875 0.626667
0 0.25125 0.621667 0.2825 0.7125
0 0.255625 0.5975 0.28875 0.681667
0 0.271875 0.699167 0.299375 0.781667
0 0.28625 0.84 0.32125 0.915833
0 0.2875 0.904167 0.32375 0.9933330000000001
0 0.29125 0.7799999999999999 0.32375 0.855833
0 0.293125 0.595833 0.3225 0.666667
0 0.305625 0.6425 0.339375 0.755833
0 0.31375 0.831667 0.338125 0.9416670000000001
0 0.3225 0.611667 0.345625 0.649167
0 0.32375 0.760833 0.3625 0.8249999999999998
0 0.336875 0.5875 0.371875 0.668333
0 0.338125 0.900833 0.388125 0.976667
0 0.348125 0.7766670000000001 0.384375 0.860833
0 0.35375 0.928333 0.385625 0.991667
0 0.365 0.589167 0.388125 0.673333
0 0.371875 0.7624999999999998 0.413125 0.871667
0 0.375625 0.8991669999999999 0.413125 0.9641670000000001
0 0.376875 0.605833 0.416875 0.7025
0 0.40625 0.775 0.44125 0.8591669999999999
0 0.413125 0.7366670000000001 0.445 0.804167
0 0.416875 0.650833 0.453125 0.7216670000000001
0 0.423125 0.6075 0.453125 0.663333
0 0.44625 0.7125 0.499375 0.800833
0 0.451875 0.7575 0.48125 0.841667
0 0.46875 0.645833 0.503125 0.7008329999999999
0 0.486875 0.6375 0.5175 0.704167
0 0.490625 0.581667 0.525625 0.645833
0 0.495625 0.7216670000000001 0.531875 0.8024999999999999
0 0.499375 0.9175 0.54625 0.996667
0 0.526875 0.8883329999999999 0.55875 0.949167
0 0.533125 0.650833 0.578125 0.726667
0 0.535625 0.77 0.574375 0.84
0 0.539375 0.945 0.576875 0.999167
0 0.543125 0.8058330000000001 0.576875 0.893333
0 0.5475 0.52 0.58375 0.600833
0 0.56125 0.914167 0.595 0.9866670000000001
0 0.5625 0.600833 0.58875 0.663333
0 0.5625 0.84 0.58875 0.900833
0 0.581875 0.6750000000000002 0.616875 0.7425
0 0.585 0.735 0.6225 0.818333
0 0.58625 0.609167 0.6275 0.655833
0 0.600625 0.46833300000000005 0.62375 0.561667
0 0.60125 0.7075 0.6325 0.768333
0 0.611875 0.628333 0.63875 0.715
0 0.613125 0.9025 0.651875 0.988333
0 0.62375 0.783333 0.6625 0.886667
0 0.6325 0.673333 0.66375 0.760833
0 0.63375 0.621667 0.656875 0.6941669999999999
0 0.643125 0.893333 0.680625 0.976667
0 0.648125 0.7624999999999998 0.67625 0.855833
0 0.656875 0.626667 0.683125 0.689167
0 0.6725 0.6750000000000002 0.7075 0.750833
0 0.675 0.8883329999999999 0.720625 0.9625
0 0.686875 0.611667 0.70625 0.654167
0 0.689375 0.804167 0.728125 0.905833
0 0.690625 0.6925 0.724375 0.79
0 0.705 0.63 0.730625 0.6941669999999999
0 0.7125 0.77 0.74625 0.841667
0 0.723125 0.926667 0.75125 0.9933330000000001
0 0.729375 0.6941669999999999 0.771875 0.785
0 0.735625 0.7458329999999999 0.765625 0.8125
0 0.74125 0.639167 0.77875 0.718333
0 0.766875 0.8024999999999999 0.799375 0.893333
0 0.771875 0.6716669999999999 0.801875 0.7541670000000001
0 0.771875 0.9108329999999999 0.803125 0.999167
0 0.78375 0.749167 0.82375 0.833333
0 0.785 0.616667 0.8175 0.681667
0 0.78875 0.9216669999999999 0.83125 0.999167
0 0.804375 0.8525 0.8575 0.94
0 0.814375 0.6833329999999999 0.83375 0.755833
0 0.8225 0.623333 0.85625 0.695833
0 0.83 0.704167 0.87 0.7799999999999999
0 0.85625 0.631667 0.885625 0.7008329999999999
0 0.85875 0.871667 0.9025 0.9674999999999999
0 0.86125 0.93 0.918125 0.999167
0 0.8625 0.771667 0.895 0.8591669999999999
0 0.876875 0.628333 0.920625 0.6975000000000001
0 0.890625 0.9525 0.914375 0.999167
0 0.891875 0.8125 0.929375 0.891667
0 0.89625 0.6833329999999999 0.926875 0.7624999999999998
0 0.91 0.8283330000000001 0.94875 0.928333
0 0.926875 0.715 0.955625 0.783333
0 0.929375 0.618333 0.95 0.6750000000000002
0 0.929375 0.871667 0.97125 0.9508329999999999
0 0.9425 0.9175 0.98 0.996667
0 0.954375 0.77 0.998125 0.875
0 0.97125 0.6525 0.999375 0.726667
0 0.975 0.710833 0.999375 0.815833
