0 0.1475 0.87 0.368125 0.9933330000000001
0 0.035625 0.330833 0.04875 0.358333
0 0.08375 0.79 0.175 0.844167
0 0.1275 0.425 0.138125 0.450833
0 0.140625 0.600833 0.17375 0.63
0 0.221875 0.581667 0.24875 0.6075
0 0.260625 0.4925 0.294375 0.52
0 0.271875 0.609167 0.28375 0.635
0 0.27375 0.540833 0.295625 0.565
0 0.27875 0.585833 0.298125 0.616667
0 0.28375 0.595833 0.3525 0.665
0 0.298125 0.5341670000000001 0.32875 0.5575
0 0.305625 0.44250000000000006 0.345625 0.47833299999999995
0 0.3525 0.36000000000000004 0.445 0.42666699999999996
0 0.384375 0.539167 0.4 0.58
0 0.4 0.303333 0.43 0.3475
0 0.40375 0.24749999999999997 0.4325 0.299167
0 0.419375 0.456667 0.451875 0.473333
0 0.46875 0.4491669999999999 0.498125 0.476667
0 0.47 0.41 0.48 0.44416700000000003
0 0.47 0.21666700000000003 0.58875 0.2925
0 0.51125 0.4749999999999999 0.55375 0.505833
0 0.51375 0.511667 0.55 0.539167
0 0.52375 0.361667 0.595 0.421667
0 0.568125 0.2925 0.648125 0.361667
0 0.569375 0.565 0.59375 0.609167
0 0.578125 0.41666700000000007 0.620625 0.45833299999999993
0 0.605625 0.516667 0.615625 0.5341670000000001
0 0.605625 0.3275 0.70875 0.43249999999999994
0 0.609375 0.10666700000000001 0.698125 0.189167
0 0.63 0.471667 0.653125 0.4925
0 0.646875 0.549167 0.6725 0.5875
0 0.651875 0.6375 0.71375 0.726667
0 0.728125 0.4491669999999999 0.745 0.47833299999999995
0 0.7475 0.735 0.805625 0.785
0 0.7775 0.325 0.8275 0.41
0 0.825 0.561667 0.8725 0.609167
0 0.83375 0.818333 0.874375 0.8675
0 0.840625 0.25166700000000003 0.90875 0.35333299999999995
0 0.8575 0.513333 0.8975 0.566667
0 0.9775 0.47833299999999995 0.999375 0.5283329999999999
