0 0.29571 0.056898000000000004 0.467987 0.177708
0 0.013201 0.296181 0.168977 0.40607999999999994
0 0.020462 0.073266 0.176238 0.201871
0 0.021782 0.24240100000000003 0.10231 0.30241599999999996
0 0.027723 0.674201 0.223102 0.8939980000000001
0 0.029043 0.587685 0.074587 0.668745
0 0.029043 0.41933000000000004 0.223102 0.644583
0 0.073267 0.660171 0.422442 0.890101
0 0.08316799999999999 0.3936090000000001 0.391419 0.611847
0 0.09769 0.15978199999999998 0.41650200000000004 0.38347600000000004
0 0.159076 0.321902 0.236304 0.388932
0 0.173597 0.06781000000000001 0.293069 0.157443
0 0.27260700000000004 0.306313 0.357096 0.385035
0 0.275248 0.4318 0.452805 0.646142
0 0.305611 0.706937 0.48052799999999996 0.9041309999999999
0 0.33927399999999996 0.28215100000000004 0.474587 0.412315
0 0.36699699999999996 0.601715 0.485149 0.704599
0 0.387459 0.21667999999999998 0.47788800000000003 0.296181
0 0.473267 0.132502 0.636304 0.36477
0 0.475908 0.754482 0.631683 0.901013
0 0.48316800000000004 0.534684 0.60132 0.632892
0 0.485149 0.059236000000000004 0.5967 0.12314899999999998
0 0.486469 0.632892 0.60132 0.7240840000000001
0 0.48778900000000003 0.31099 0.60132 0.41933000000000004
0 0.490429 0.44738900000000004 0.609901 0.5502729999999999
0 0.524092 0.717069 0.630363 0.791115
0 0.531353 0.115355 0.8937290000000001 0.34372600000000003
0 0.541914 0.38347600000000004 0.624422 0.455963
0 0.580858 0.575994 0.8528049999999999 0.7614959999999998
0 0.617162 0.749805 0.8455450000000001 0.9056900000000001
0 0.618482 0.434918 0.8184819999999999 0.575994
0 0.618482 0.325019 0.822442 0.45206499999999994
0 0.630363 0.060795 0.7993399999999999 0.141855
0 0.810561 0.15120799999999998 0.9610559999999999 0.363211
0 0.819802 0.8597040000000001 0.8752479999999999 0.890101
0 0.819802 0.38347600000000004 0.965016 0.490257
0 0.8270629999999999 0.477786 0.968317 0.570538
0 0.8402639999999999 0.678878 0.9722770000000001 0.7669520000000001
0 0.8429040000000001 0.756041 0.9696370000000001 0.85113
0 0.857426 0.5643020000000001 0.9722770000000001 0.668745
0 0.879208 0.062354 0.9577559999999999 0.123928
0 0.8805280000000001 0.8612629999999999 0.9155120000000001 0.888542
0 0.8937290000000001 0.30475399999999997 0.968317 0.388932
0 0.9227719999999999 0.8612629999999999 0.9636959999999999 0.89244
