0 0.050725 0.865367 0.135266 0.93779
0 0.070048 0.7260909999999999 0.119565 0.7641600000000001
0 0.17029 0.549675 0.307971 0.6332399999999999
0 0.192029 0.6750229999999999 0.32971 0.7660170000000001
0 0.3478260000000001 0.5933149999999999 0.43599 0.671309
0 0.381643 0.43082600000000004 0.48550699999999997 0.501393
0 0.41062800000000005 0.5069640000000001 0.509662 0.589601
0 0.41062800000000005 0.806871 0.538647 0.9015780000000001
0 0.6304350000000001 0.617456 0.6702899999999998 0.655525
0 0.717391 0.11420599999999999 0.7886469999999999 0.194986
0 0.756039 0.869081 0.898551 0.933148
0 0.764493 0.324977 0.836957 0.390901
0 0.799517 0.479109 0.9444440000000002 0.558032
