0 0.262 0.602007 0.377333 0.691472
0 0.262 0.36036799999999997 0.37866700000000003 0.449833
0 0.263333 0.233278 0.37333299999999997 0.33277600000000007
0 0.267333 0.48076899999999995 0.377333 0.576087
0 0.384 0.23495 0.49533299999999997 0.334448
0 0.384 0.358696 0.49533299999999997 0.45903000000000005
0 0.386667 0.48076899999999995 0.496667 0.574415
0 0.390667 0.605351 0.49533299999999997 0.6948159999999999
0 0.504667 0.23495 0.614667 0.334448
0 0.508 0.35535100000000003 0.616 0.454013
0 0.509333 0.48495 0.618667 0.574415
0 0.514667 0.603679 0.614667 0.688127
0 0.626 0.238294 0.736 0.33612
0 0.627333 0.47909700000000005 0.738667 0.576087
0 0.628667 0.602007 0.737333 0.6948159999999999
0 0.631333 0.36036799999999997 0.737333 0.448161
