0 0.355 0.7566669999999999 0.4775 0.9216669999999999
0 0.0 0.781667 0.0475 0.8991669999999999
0 0.0 0.21666700000000003 0.05375 0.375
0 0.0 0.883333 0.05875 0.9475000000000001
0 0.0 0.26 0.060625 0.36833299999999997
0 0.0 0.4025 0.078125 0.549167
0 0.00625 0.609167 0.12 0.781667
0 0.035625 0.87 0.17125 0.999167
0 0.0425 0.13583299999999998 0.2125 0.285833
0 0.04375 0.3475 0.190625 0.5425
0 0.12 0.255 0.2 0.36833299999999997
0 0.17 0.285833 0.32 0.434167
0 0.17125 0.515 0.331875 0.685
0 0.235 0.8366669999999999 0.306875 0.9416670000000001
0 0.269375 0.074167 0.383125 0.265
0 0.27625 0.8675 0.384375 0.9733329999999999
0 0.334375 0.0 0.48125 0.11833299999999998
0 0.36125 0.35333299999999995 0.46875 0.476667
0 0.415625 0.500833 0.491875 0.583333
0 0.43 0.945 0.47125 0.999167
0 0.4375 0.573333 0.52125 0.718333
0 0.44375 0.0175 0.56125 0.155
0 0.46875 0.9733329999999999 0.545 0.999167
0 0.50625 0.576667 0.56125 0.655833
0 0.51 0.685 0.5975 0.7975
0 0.5225 0.0 0.581875 0.14083299999999999
0 0.540625 0.46833300000000005 0.585 0.611667
0 0.56 0.9125 0.641875 0.999167
0 0.579375 0.284167 0.7025 0.440833
0 0.585 0.41 0.690625 0.58
0 0.585 0.0275 0.719375 0.189167
0 0.59 0.184167 0.70375 0.303333
0 0.605625 0.835 0.70375 0.926667
0 0.62875 0.845833 0.70875 0.996667
0 0.644375 0.595833 0.70125 0.673333
0 0.689375 0.258333 0.768125 0.39583299999999993
0 0.698125 0.440833 0.805625 0.544167
0 0.7 0.7075 0.813125 0.83
0 0.70375 0.3975 0.759375 0.465
0 0.71 0.526667 0.775625 0.654167
0 0.71125 0.923333 0.804375 0.999167
0 0.765625 0.5425 0.82125 0.649167
0 0.7825 0.279167 0.8325 0.423333
0 0.78625 0.089167 0.865 0.20333299999999999
0 0.813125 0.878333 0.93375 0.999167
0 0.835625 0.639167 0.916875 0.821667
0 0.846875 0.189167 0.93875 0.299167
0 0.889375 0.508333 0.966875 0.595833
0 0.913125 0.733333 0.98375 0.810833
0 0.915625 0.8249999999999998 0.975 0.9075000000000001
