0 0.7675 0.17166199999999998 0.8850000000000001 0.28792
0 0.0 0.8492280000000001 0.115 0.9491370000000001
0 0.00125 0.464124 0.13625 0.572207
0 0.0075 0.059946000000000006 0.13875 0.18074500000000002
0 0.01 0.5794729999999999 0.24625000000000002 0.71208
0 0.0125 0.7057220000000001 0.14375 0.851044
0 0.0125 0.18528599999999998 0.1675 0.341508
0 0.0125 0.33060900000000004 0.18125 0.46048999999999995
0 0.115 0.840145 0.2525 0.9509540000000001
0 0.12875 0.7311529999999999 0.255 0.8319709999999999
0 0.13375 0.47593100000000005 0.22875 0.572207
0 0.13875 0.037239 0.27875 0.24069000000000002
0 0.17 0.341508 0.2975 0.464124
0 0.18375000000000002 0.215259 0.3025 0.316985
0 0.22249999999999998 0.583106 0.34125 0.707539
0 0.22875 0.8419620000000001 0.40499999999999997 0.943688
0 0.23125 0.46684799999999993 0.3525 0.5794729999999999
0 0.24625000000000002 0.71753 0.4 0.8383290000000001
0 0.24749999999999997 0.045413 0.39125 0.23705700000000002
0 0.28125 0.21344200000000002 0.4025 0.33060900000000004
0 0.29375 0.353315 0.46875 0.437784
0 0.315 0.594914 0.43375 0.711172
0 0.35 0.45685699999999996 0.46875 0.583106
0 0.38125 0.713896 0.53625 0.8383290000000001
0 0.38874999999999993 0.190736 0.555 0.349682
0 0.395 0.851044 0.47624999999999995 0.9455040000000001
0 0.4025 0.060854 0.56625 0.18347
0 0.41625 0.586739 0.56375 0.6866479999999999
0 0.45 0.46230699999999997 0.5525 0.5694819999999999
0 0.45500000000000007 0.840145 0.5925 0.943688
0 0.47375000000000006 0.344233 0.5875 0.46503199999999995
0 0.51 0.715713 0.66375 0.8319709999999999
0 0.53625 0.46866499999999994 0.66375 0.587648
0 0.5525 0.060854 0.655 0.16802899999999998
0 0.56125 0.16802899999999998 0.73 0.349682
0 0.56375 0.33605799999999997 0.67375 0.484105
0 0.57375 0.586739 0.66375 0.7020890000000001
0 0.57375 0.8337870000000001 0.67125 0.9391459999999999
0 0.6375 0.8337870000000001 0.8425 0.943688
0 0.6525 0.71208 0.77375 0.836512
0 0.6525 0.056312 0.7825 0.16348800000000002
0 0.66125 0.464124 0.76875 0.587648
0 0.67625 0.5794729999999999 0.79 0.7002729999999999
0 0.6825 0.33969099999999997 0.8 0.47593100000000005
0 0.75625 0.455041 0.89875 0.574024
0 0.7712499999999999 0.713896 0.90125 0.8247049999999999
0 0.79 0.58129 0.91125 0.71208
0 0.7925 0.043597000000000004 0.8925 0.17166199999999998
0 0.7975000000000001 0.344233 0.895 0.464124
0 0.80375 0.8337870000000001 0.9037499999999999 0.9418709999999999
