0 0.21093800000000001 0.301653 0.588867 0.676309
0 0.071289 0.5206609999999999 0.183594 0.57989
0 0.253906 0.822314 0.277344 0.85124
0 0.516602 0.630854 0.5371090000000001 0.668044
0 0.625 0.778237 0.65918 0.862259
0 0.6972659999999999 0.16942100000000002 0.817383 0.21900799999999995
0 0.760742 0.680441 0.8007810000000001 0.800276
0 0.863281 0.0 0.886719 0.063361
0 0.8720700000000001 0.8526169999999998 0.898438 0.935262
0 0.8847659999999999 0.396694 0.902344 0.447658
0 0.957031 0.089532 0.999023 0.22038600000000005
