0 0.248437 0.6750000000000002 0.275 0.75
0 0.276563 0.1375 0.301562 0.1875
0 0.30625 0.7541670000000001 0.379687 0.822917
0 0.307813 0.814583 0.38125 0.885417
0 0.339063 0.208333 0.3875 0.270833
0 0.359375 0.685417 0.4125 0.7624999999999998
0 0.40468699999999996 0.6125 0.4375 0.670833
0 0.471875 0.227083 0.510938 0.28125
0 0.510938 0.3875 0.542188 0.439583
0 0.584375 0.7062500000000002 0.609375 0.770833
0 0.734375 0.891667 0.78125 0.9625
0 0.785937 0.408333 0.8328120000000001 0.4625000000000001
0 0.925 0.766667 0.9734370000000001 0.8375
