0 0.0 0.272983 0.035 0.39774899999999996
0 0.011875 0.42120100000000005 0.053125 0.5197
0 0.013125 0.375235 0.060625 0.484991
0 0.023125 0.571295 0.159375 0.824578
0 0.03375 0.432458 0.118125 0.6191369999999999
0 0.04 0.25985 0.069375 0.317073
0 0.056875 0.28424 0.104375 0.38836799999999994
0 0.08 0.378987 0.13375 0.530957
0 0.1 0.288931 0.14 0.409944
0 0.108125 0.763602 0.210625 0.9990620000000001
0 0.118125 0.668856 0.23875 0.824578
0 0.126875 0.501876 0.195 0.655722
0 0.135 0.40150100000000005 0.20125 0.553471
0 0.1425 0.6463409999999999 0.274375 0.75985
0 0.19625 0.37335799999999997 0.24 0.527205
0 0.215625 0.49812399999999996 0.2925 0.725141
0 0.23875 0.505629 0.30625 0.721388
0 0.275625 0.42870499999999995 0.335 0.56379
0 0.313125 0.49061899999999997 0.363125 0.6097560000000001
0 0.335 0.49249499999999996 0.420625 0.6482180000000001
0 0.3375 0.43996199999999996 0.40125 0.5365850000000001
0 0.34125 0.8986870000000002 0.43 0.9990620000000001
0 0.405 0.598499 0.455 0.7439020000000001
0 0.431875 0.513133 0.516875 0.752345
0 0.49375 0.6097560000000001 0.568125 0.7983109999999999
0 0.505 0.734522 0.584375 0.8442780000000002
0 0.51 0.7823640000000001 0.630625 0.9812379999999999
0 0.54 0.540338 0.595 0.6519699999999999
0 0.579375 0.558161 0.65125 0.713884
0 0.59875 0.628518 0.669375 0.8405249999999999
0 0.6575 0.638837 0.74375 0.763602
0 0.725625 0.569418 0.7975 0.719512
0 0.76 0.6519699999999999 0.86875 0.924953
0 0.80375 0.586304 0.89875 0.822702
0 0.90125 0.611632 0.990625 0.901501
