0 0.223438 0.139062 0.928125 0.684375
0 0.0 0.257812 0.035937000000000004 0.36875
0 0.01875 0.265625 0.060938 0.36093800000000004
0 0.04375 0.273438 0.070312 0.3625
0 0.071875 0.24375 0.135937 0.36875
0 0.140625 0.2625 0.16875 0.36875
0 0.167187 0.2625 0.203125 0.3625
0 0.203125 0.254687 0.245312 0.371875
0 0.225 0.248437 0.284375 0.370313
0 0.25156300000000004 0.257812 0.29843800000000004 0.370313
0 0.276563 0.254687 0.325 0.35781199999999996
0 0.303125 0.25625 0.353125 0.370313
0 0.34375 0.265625 0.390625 0.35625
0 0.365625 0.26406199999999996 0.421875 0.346875
0 0.40781300000000004 0.273438 0.432813 0.35625
0 0.43125 0.284375 0.465625 0.34375
0 0.782812 0.35625 0.8765620000000001 0.396875
