0 0.0 0.11222199999999999 0.0825 0.303333
0 0.065625 0.088889 0.105625 0.266667
0 0.1025 0.125556 0.14875 0.277778
0 0.128125 0.153333 0.19375 0.29
0 0.173125 0.11444400000000002 0.18875 0.18
0 0.225625 0.21222199999999997 0.414375 0.795556
0 0.25125 0.166667 0.266875 0.235556
0 0.260625 0.141111 0.295 0.26222199999999996
0 0.383125 0.06888899999999999 0.625625 0.9322219999999999
0 0.530625 0.46111100000000005 0.685 0.9744440000000001
0 0.573125 0.162222 0.779375 0.9088889999999998
0 0.76625 0.198889 0.815 0.362222
0 0.8025 0.257778 0.85375 0.34222199999999997
0 0.805 0.517778 0.999375 0.778889
0 0.823125 0.49 0.999375 0.6
0 0.874375 0.385556 0.999375 0.535556
