0 0.0 0.064212 0.018125 0.133144
0 0.0 0.11614699999999999 0.020625 0.18791300000000002
0 0.009375 0.156752 0.025625 0.236072
0 0.065625 0.17847000000000002 0.085 0.228517
0 0.169375 0.37582600000000005 0.2 0.4041550000000001
0 0.19375 0.49197399999999997 0.210625 0.543909
0 0.209375 0.5108590000000001 0.228125 0.5609069999999999
0 0.228125 0.5288010000000001 0.25 0.573182
0 0.23125 0.49197399999999997 0.24625 0.5269119999999999
0 0.255 0.5051939999999999 0.274375 0.545798
0 0.256875 0.597734 0.285 0.644948
0 0.271875 0.588291 0.30625 0.6364489999999999
0 0.279375 0.520302 0.3025 0.559018
0 0.279375 0.545798 0.308125 0.575071
0 0.295 0.691218 0.313125 0.746931
0 0.30625 0.604344 0.323125 0.6364489999999999
0 0.311875 0.5533520000000001 0.330625 0.584514
0 0.315625 0.68933 0.33875 0.76865
0 0.316875 0.567517 0.34625 0.623229
0 0.34125 0.542021 0.34875 0.576959
0 0.3475 0.557129 0.368125 0.599622
0 0.3625 0.870633 0.4075 0.8989609999999999
0 0.364375 0.72238 0.39 0.793201
0 0.369375 0.677054 0.4 0.71577
0 0.37375 0.675165 0.398125 0.711992
0 0.375 0.559018 0.413125 0.6071770000000001
0 0.380625 0.655335 0.389375 0.6902739999999999
0 0.384375 0.640227 0.405 0.675165
0 0.394375 0.750708 0.425 0.8083100000000002
0 0.4025 0.657224 0.425 0.6902739999999999
0 0.405 0.8687440000000001 0.41625 0.92068
0 0.41125 0.6902739999999999 0.42375 0.717658
0 0.4125 0.5873470000000001 0.430625 0.655335
0 0.416875 0.520302 0.57625 0.599622
0 0.4175 0.806421 0.445625 0.852691
0 0.42625 0.5873470000000001 0.45875 0.6610010000000001
0 0.428125 0.71577 0.450625 0.7639279999999999
0 0.428125 0.8026439999999998 0.45625 0.8319169999999999
0 0.429375 0.671388 0.443125 0.6921619999999999
0 0.429375 0.6610010000000001 0.4675 0.710104
0 0.431875 0.64967 0.448125 0.659112
0 0.435625 0.765817 0.455 0.806421
0 0.443125 0.711992 0.46625 0.7752600000000001
0 0.45375 0.612842 0.481875 0.645892
0 0.496875 0.6610010000000001 0.51375 0.725212
0 0.50625 0.817753 0.5275 0.845137
0 0.5075 0.8470260000000001 0.5275 0.922568
0 0.51875 0.68272 0.535625 0.740321
0 0.52625 0.8101980000000001 0.543125 0.839471
0 0.533125 0.8762979999999998 0.55625 0.942398
0 0.535625 0.725212 0.5575 0.7525970000000001
0 0.539375 0.7544850000000001 0.56125 0.79509
0 0.540625 0.8045329999999998 0.55875 0.8508030000000001
0 0.56125 0.711992 0.57375 0.736544
0 0.56125 0.806421 0.585625 0.833806
0 0.5625 0.6921619999999999 0.586875 0.7289899999999999
0 0.57 0.68272 0.586875 0.719547
0 0.575 0.7856470000000001 0.596875 0.817753
0 0.58 0.7988670000000001 0.605625 0.848914
0 0.590625 0.699717 0.6225 0.750708
0 0.600625 0.760151 0.62 0.806421
0 0.61 0.893296 0.63125 0.942398
0 0.6125 0.806421 0.634375 0.852691
0 0.62125 0.719547 0.640625 0.760151
0 0.6275 0.7488199999999999 0.645625 0.817753
0 0.650625 0.595845 0.66375 0.628895
0 0.731875 0.26345599999999997 0.75375 0.296506
0 0.786875 0.180359 0.8125 0.25118
0 0.80875 0.0661 0.825625 0.127479
0 0.823125 0.10103899999999999 0.839375 0.12559
0 0.839375 0.088763 0.865 0.11992400000000002
0 0.839375 0.118036 0.875625 0.17374900000000001
0 0.85625 0.156752 0.87 0.17185999999999998
0 0.865 0.073654 0.889375 0.118036
0 0.874375 0.151086 0.895625 0.21246500000000001
0 0.889375 0.016996999999999998 0.91625 0.073654
0 0.894375 0.110482 0.91625 0.166195
0 0.90125 0.135033 0.943125 0.195467
0 0.901875 0.454202 0.940625 0.4929180000000001
0 0.905 0.23701599999999998 0.925625 0.27762
0 0.91125 0.0 0.935625 0.057602
0 0.91125 0.096317 0.938125 0.12559
0 0.9175 0.069877 0.940625 0.10103899999999999
0 0.920625 0.220019 0.9475 0.26251199999999997
0 0.93 0.45797899999999997 0.965625 0.496695
0 0.930625 0.18885699999999997 0.95625 0.225685
0 0.938125 0.0 0.95375 0.038716
0 0.940625 0.102927 0.9675 0.156752
0 0.946875 0.215297 0.994375 0.26345599999999997
0 0.9575 0.0 0.976875 0.034939
0 0.9575 0.062323 0.979375 0.09254
0 0.96375 0.123702 0.983125 0.154863
0 0.979375 0.0 0.999375 0.027384
0 0.983125 0.123702 0.999375 0.162417
0 0.986875 0.034939 0.998125 0.07932
