0 0.395 0.382739 0.67625 0.6904319999999999
0 0.0 0.38930599999999993 0.05 0.500938
0 0.015 0.030019 0.081875 0.10131300000000001
0 0.07125 0.522514 0.12125 0.6763600000000001
0 0.146875 0.73546 0.3075 0.9859290000000002
0 0.2725 0.059099000000000006 0.42375 0.187617
0 0.31 0.013133 0.399375 0.09380899999999999
0 0.52625 0.128518 0.62375 0.287993
0 0.52625 0.189493 0.6625 0.282364
0 0.61875 0.10131300000000001 0.6825 0.168856
0 0.67125 0.8977489999999999 0.77875 0.997186
0 0.690625 0.70075 0.743125 0.7701690000000001
0 0.708125 0.224203 0.78875 0.272045
0 0.72375 0.257036 0.809375 0.348968
0 0.750625 0.143527 0.83875 0.202627
0 0.756875 0.941839 0.78375 0.997186
0 0.801875 0.44559099999999996 0.88375 0.581613
0 0.81625 0.17636 0.859375 0.316135
0 0.905625 0.24577899999999997 0.9875 0.35272
