0 0.001875 0.44359499999999996 0.05125 0.57457
0 0.060625 0.42925399999999997 0.09625 0.557361
0 0.08375 0.5411090000000001 0.115625 0.8059270000000001
0 0.08625 0.44359499999999996 0.123125 0.5764819999999999
0 0.115625 0.554493 0.205625 0.8709370000000002
0 0.145 0.431166 0.19 0.5688340000000001
0 0.1925 0.550669 0.30375 0.9015299999999999
0 0.235 0.42351800000000006 0.2475 0.47896700000000003
0 0.311875 0.439771 0.4075 0.854685
0 0.311875 0.462715 0.430625 0.862333
0 0.445 0.50956 0.54625 0.862333
0 0.463125 0.393881 0.54875 0.6587
0 0.534375 0.525813 0.60375 0.776291
0 0.571875 0.40057399999999993 0.770625 0.462715
0 0.635625 0.40439800000000004 0.7 0.735182
0 0.636875 0.507648 0.75 0.8355639999999999
0 0.71375 0.527725 0.830625 0.880497
0 0.781875 0.329828 0.885625 0.44168300000000005
0 0.875625 0.5315489999999999 0.991875 0.8508600000000002
