0 0.474375 0.580833 0.720625 0.8450000000000001
0 0.005 0.54 0.4675 0.889167
0 0.059375 0.3175 0.23375 0.5375
0 0.08125 0.08833300000000001 0.27625 0.281667
0 0.225 0.408333 0.3825 0.570833
0 0.241875 0.288333 0.39125 0.401667
0 0.3075 0.085 0.481875 0.274167
0 0.395625 0.3075 0.588125 0.4825
0 0.535 0.1075 0.695 0.253333
0 0.595625 0.414167 0.74125 0.556667
0 0.604375 0.264167 0.7025 0.405
0 0.711875 0.3125 0.97375 0.556667
0 0.73875 0.09500000000000001 0.89125 0.2775
0 0.745625 0.585833 0.995 0.844167
