0 0.080136 0.163852 0.30349499999999996 0.262664
0 0.081841 0.432145 0.25660700000000003 0.532833
0 0.09377699999999999 0.708568 0.22421100000000002 0.777361
0 0.100597 0.884928 0.347826 0.969981
0 0.10571199999999999 0.546592 0.2711 0.654159
0 0.10741700000000001 0.355222 0.210571 0.399625
0 0.12446700000000002 0.08567899999999999 0.25916500000000003 0.147592
0 0.15942 0.777361 0.31713600000000003 0.876173
0 0.177323 0.283302 0.326513 0.34834299999999996
0 0.198636 0.652283 0.5319689999999999 0.7754850000000001
0 0.268542 0.353346 0.396419 0.434021
0 0.280477 0.06879299999999999 0.43819300000000005 0.159475
0 0.287298 0.45591000000000004 0.41091200000000005 0.563477
0 0.300938 0.5909939999999999 0.417732 0.659162
0 0.307758 0.19137 0.503836 0.287054
0 0.3640239999999999 0.7961229999999999 0.578005 0.893058
0 0.39386200000000005 0.37898699999999996 0.647911 0.579112
0 0.40579699999999996 0.30394 0.564365 0.37898699999999996
0 0.4595060000000001 0.073796 0.5763 0.162602
0 0.466326 0.572233 0.568627 0.638524
0 0.482523 0.515947 0.55243 0.549719
0 0.48934399999999995 0.714196 0.653026 0.79925
0 0.54561 0.220138 0.6197779999999999 0.26454
0 0.554987 0.6404 0.671782 0.705441
0 0.587383 0.5822390000000001 0.699062 0.624765
0 0.5899399999999999 0.110069 0.7084399999999998 0.169481
0 0.6061380000000001 0.8092560000000001 0.745951 0.893058
0 0.622336 0.310819 0.706735 0.365228
0 0.638534 0.38774200000000003 0.834612 0.47467200000000004
0 0.643649 0.48342700000000005 0.860188 0.574109
0 0.666667 0.195747 0.744246 0.286429
0 0.673487 0.698562 0.8951410000000001 0.816135
0 0.713555 0.60788 0.860188 0.693558
0 0.713555 0.089431 0.885763 0.17135699999999998
0 0.7502130000000001 0.194497 0.8550719999999999 0.280175
0 0.7553279999999999 0.8711700000000001 0.8832049999999999 0.946216
0 0.757886 0.292058 0.8695649999999998 0.37711100000000003
