0 0.7462499999999999 0.156222 0.8537500000000001 0.256131
0 0.04624999999999999 0.080836 0.1375 0.167121
0 0.04624999999999999 0.291553 0.19625000000000004 0.423252
0 0.05125 0.546776 0.15625 0.642143
0 0.05125 0.438692 0.15875 0.5404180000000001
0 0.05125 0.778383 0.2175 0.915531
0 0.053750000000000006 0.18074500000000002 0.15625 0.277929
0 0.06625 0.6684829999999999 0.16125 0.75931
0 0.1325 0.077203 0.265 0.176203
0 0.17 0.43687600000000004 0.3775 0.5331520000000001
0 0.17250000000000001 0.564033 0.2625 0.642143
0 0.17250000000000001 0.666667 0.29625 0.747502
0 0.18 0.176203 0.2825 0.284287
0 0.21375 0.295186 0.36 0.41235200000000005
0 0.22249999999999998 0.778383 0.38874999999999993 0.898274
0 0.265 0.552225 0.3725 0.632153
0 0.265 0.070845 0.39125 0.16348800000000002
0 0.29875 0.666667 0.49375 0.747502
0 0.30375 0.18074500000000002 0.41999999999999993 0.270663
0 0.365 0.548592 0.49375 0.6403270000000001
0 0.38874999999999993 0.072661 0.50375 0.174387
0 0.38874999999999993 0.28610399999999997 0.5275 0.41235200000000005
0 0.39625 0.778383 0.5525 0.896458
0 0.40625 0.44050900000000004 0.53125 0.529519
0 0.44125 0.18074500000000002 0.57875 0.26703000000000005
0 0.49874999999999997 0.067212 0.62875 0.16348800000000002
0 0.505 0.6684829999999999 0.63375 0.761126
0 0.5075 0.542234 0.6225 0.6439600000000001
0 0.53125 0.429609 0.64125 0.519528
0 0.54625 0.297003 0.7149999999999999 0.41235200000000005
0 0.565 0.7565850000000001 0.7625 0.9164399999999999
0 0.59375 0.182561 0.7125 0.26703000000000005
0 0.63125 0.659401 0.7649999999999999 0.754768
0 0.63375 0.548592 0.7600000000000001 0.659401
0 0.63625 0.067212 0.755 0.158946
0 0.6625 0.43687600000000004 0.7575 0.52861
0 0.7149999999999999 0.300636 0.86875 0.42143500000000006
0 0.73875 0.793824 0.86875 0.885559
0 0.7575 0.056312 0.88625 0.16348800000000002
0 0.7625 0.546776 0.87375 0.652134
0 0.77 0.661217 0.88125 0.761126
0 0.77375 0.43505900000000003 0.8712499999999999 0.526794
