0 0.0 0.6829270000000001 0.12375 0.998124
0 0.029375 0.17823599999999998 0.153125 0.659475
0 0.086875 0.0 0.204375 0.21482199999999999
0 0.175 0.212946 0.294375 0.730769
0 0.22375 0.0 0.3275 0.300188
0 0.26625 0.7091930000000001 0.650625 0.952158
0 0.31375 0.21951199999999998 0.443125 0.580675
0 0.338125 0.0 0.42625 0.272983
0 0.400625 0.734522 0.53625 0.9887429999999999
0 0.42875 0.003752 0.53875 0.302064
0 0.47875 0.203565 0.58875 0.650094
0 0.503125 0.712946 0.753125 0.9990620000000001
0 0.52375 0.580675 0.77375 0.753283
0 0.558125 0.0 0.665625 0.22701699999999997
0 0.598125 0.197936 0.716875 0.703565
0 0.69375 0.0 0.78875 0.286116
0 0.753125 0.236398 0.88875 0.712946
0 0.78875 0.48592899999999994 0.903125 0.9118200000000002
0 0.7925 0.0 0.885 0.25985
0 0.800625 0.7439020000000001 0.98875 0.9287049999999999
0 0.871875 0.0 0.9775 0.255159
0 0.916875 0.21482199999999999 0.999375 0.8151970000000002
