0 0.0 0.48120300000000005 0.058125 0.646617
0 0.065625 0.276316 0.224375 0.7528199999999999
0 0.209375 0.422932 0.279375 0.7180449999999999
0 0.24125 0.553571 0.29125 0.7095859999999999
0 0.278125 0.353383 0.359375 0.714286
0 0.318125 0.369361 0.46 0.7312029999999999
0 0.425625 0.48684200000000005 0.50625 0.7424810000000001
0 0.430625 0.334586 0.54875 0.7293229999999999
0 0.5525 0.49248100000000006 0.61375 0.642857
0 0.564375 0.609962 0.7025 0.733083
0 0.605 0.56203 0.66 0.6043229999999999
0 0.67875 0.362782 0.876875 0.773496
0 0.885625 0.5864659999999999 0.999375 0.6522560000000001
0 0.895625 0.56203 0.999375 0.609962
