0 0.6275 0.18421099999999999 0.8175 0.758459
0 0.0 0.09868400000000002 0.128125 0.869361
0 0.089375 0.10996199999999998 0.345625 0.853383
0 0.284375 0.616541 0.393125 0.847744
0 0.346875 0.22368400000000002 0.56625 0.8599620000000001
0 0.451875 0.5028199999999999 0.706875 0.8458649999999999
0 0.53125 0.225564 0.640625 0.601504
0 0.82625 0.695489 0.999375 0.855263
0 0.835 0.408835 0.915625 0.614662
0 0.88 0.4530079999999999 0.9875 0.693609
0 0.906875 0.29135300000000003 0.9925 0.5319550000000001
