0 0.81 0.6723359999999999 0.875625 0.8605440000000001
0 0.0 0.64966 0.045625 0.9013610000000001
0 0.033125 0.5646260000000001 0.0575 0.633787
0 0.05875 0.600907 0.094375 0.717687
0 0.07 0.6383220000000001 0.1075 0.71542
0 0.089375 0.636054 0.140625 0.76644
0 0.15125 0.626984 0.178125 0.708617
0 0.15125 0.6916100000000001 0.186875 0.780045
0 0.205 0.64966 0.26875 0.85034
0 0.243125 0.636054 0.299375 0.8412700000000001
0 0.2675 0.8265309999999999 0.398125 0.945578
0 0.286875 0.659864 0.349375 0.833333
0 0.3175 0.613379 0.340625 0.687075
0 0.348125 0.680272 0.403125 0.870748
0 0.36125 0.64966 0.37625 0.706349
0 0.401875 0.678005 0.4275 0.76644
0 0.42375 0.6712020000000001 0.46375 0.819728
0 0.448125 0.717687 0.493125 0.819728
0 0.46125 0.417234 0.499375 0.573696
0 0.5175 0.6201810000000001 0.555625 0.710884
0 0.546875 0.659864 0.6125 0.854875
0 0.588125 0.645125 0.606875 0.704082
0 0.606875 0.655329 0.62875 0.722222
0 0.6225 0.693878 0.67625 0.85941
0 0.63375 0.622449 0.665 0.701814
0 0.659375 0.622449 0.67625 0.713152
0 0.68 0.651927 0.706875 0.73356
0 0.685 0.71542 0.743125 0.873016
0 0.7275 0.6383220000000001 0.750625 0.6825399999999999
0 0.7325 0.687075 0.760625 0.773243
0 0.755625 0.64059 0.7775 0.6916100000000001
0 0.7775 0.6315189999999999 0.798125 0.719955
0 0.875 0.678005 0.904375 0.7482989999999999
0 0.905625 0.6984130000000001 0.94 0.819728
0 0.93875 0.693878 0.97625 0.79932
