0 0.45125 0.4625000000000001 0.58375 0.7399999999999999
0 0.0 0.340833 0.130625 0.523333
0 0.203125 0.324167 0.345 0.511667
0 0.2275 0.4825 0.396875 0.789167
0 0.316875 0.339167 0.439375 0.568333
0 0.433125 0.295833 0.551875 0.471667
0 0.485625 0.2725 0.57375 0.485833
0 0.5425 0.3475 0.671875 0.578333
0 0.5725 0.284167 0.680625 0.455
0 0.655 0.3 0.7325 0.558333
0 0.666875 0.23749999999999996 0.754375 0.3875
0 0.68875 0.37916700000000003 0.84875 0.67
0 0.825625 0.358333 0.990625 0.5825
0 0.85375 0.23416700000000001 0.95625 0.429167
0 0.913125 0.23083299999999998 0.99875 0.3758329999999999
0 0.93 0.1375 0.999375 0.2725
