0 0.695 0.48592899999999994 0.96125 0.641651
0 0.000625 0.813321 0.22 0.9887429999999999
0 0.004375 0.467167 0.23375 0.630394
0 0.041875 0.15197 0.195625 0.318949
0 0.043125 0.331144 0.206875 0.44090100000000004
0 0.23125 0.24859299999999998 0.58 0.39211999999999997
0 0.246875 0.467167 0.365625 0.553471
0 0.39125 0.5037520000000001 0.511875 0.611632
0 0.39125 0.6191369999999999 0.545 0.8311440000000001
0 0.5375 0.538462 0.63375 0.67167
0 0.564375 0.6482180000000001 0.94125 0.9409010000000001
0 0.611875 0.261726 0.723125 0.48686700000000005
0 0.7425 0.21013099999999996 0.9525 0.35741100000000003
0 0.7875 0.37148200000000003 0.914375 0.42120100000000005
