0 0.0 0.664234 0.061523 0.7343069999999999
0 0.0 0.886131 0.091797 0.991241
0 0.013672 0.618978 0.17968800000000001 0.708029
0 0.080078 0.725547 0.167969 0.8394159999999999
0 0.182617 0.8978100000000001 0.28320300000000004 0.99854
0 0.204102 0.573723 0.360352 0.655474
0 0.230469 0.667153 0.41308599999999995 0.7985399999999999
0 0.32519499999999996 0.372263 0.46972700000000006 0.467153
0 0.353516 0.9109489999999999 0.530273 0.9868610000000001
0 0.384766 0.5956199999999999 0.501953 0.667153
0 0.39257800000000004 0.656934 0.43456999999999996 0.750365
0 0.45996099999999995 0.37518200000000007 0.53125 0.5138689999999999
0 0.5214840000000001 0.79562 0.601562 0.9021899999999999
0 0.5253909999999999 0.632117 0.620117 0.731387
0 0.641602 0.6729930000000001 0.713867 0.846715
0 0.670898 0.591241 0.7539060000000001 0.7109489999999999
