0 0.856875 0.6925 1.0 0.9841669999999999
0 0.15875 0.36000000000000004 0.181875 0.413333
0 0.179375 0.3825 0.2125 0.44833300000000004
0 0.194375 0.361667 0.24125 0.42250000000000004
0 0.2775 0.3825 0.325 0.43916700000000003
0 0.33 0.403333 0.36125 0.451667
0 0.36125 0.403333 0.405 0.466667
0 0.413125 0.418333 0.455625 0.47916700000000007
0 0.464375 0.411667 0.503125 0.494167
0 0.5225 0.535833 0.578125 0.615
0 0.540625 0.47916700000000007 0.58375 0.540833
0 0.603125 0.35333299999999995 0.6325 0.43083299999999997
0 0.63625 0.506667 0.6675 0.563333
0 0.683125 0.451667 0.74125 0.5325
0 0.74625 0.42250000000000004 0.78625 0.494167
0 0.770625 0.3725 0.82125 0.484167
0 0.799375 0.505833 0.876875 0.6833329999999999
0 0.850625 0.339167 0.93375 0.41
0 0.9075 0.609167 0.963125 0.67
0 0.9425 0.2325 0.97875 0.294167
