0 0.15391 0.125 0.30698800000000004 0.223125
0 0.180532 0.59625 0.316972 0.695
0 0.183028 0.29625 0.312812 0.39
0 0.194676 0.4475 0.3743760000000001 0.543125
0 0.272047 0.20875 0.403494 0.294375
0 0.34442600000000007 0.340625 0.45590699999999995 0.429375
0 0.34941800000000006 0.53625 0.47421 0.625
0 0.362729 0.650625 0.47670500000000005 0.711875
0 0.396839 0.126875 0.583195 0.2125
0 0.442596 0.229375 0.614809 0.3525
0 0.496672 0.46125 0.601498 0.50875
0 0.544925 0.538125 0.642263 0.62
0 0.544925 0.345625 0.664725 0.434375
0 0.549085 0.64375 0.648918 0.706875
0 0.622296 0.21375 0.7196340000000001 0.284375
0 0.663062 0.491875 0.844426 0.608125
0 0.6763730000000001 0.115 0.8377700000000001 0.229375
0 0.712978 0.2875 0.8311149999999999 0.341875
0 0.7154739999999998 0.378125 0.840266 0.465
0 0.735441 0.625 0.86772 0.691875
