0 0.203125 0.733584 0.291875 0.9380860000000001
0 0.0 0.670732 0.1075 0.760788
0 0.034375 0.562852 0.094375 0.628518
0 0.090625 0.482176 0.134375 0.5300189999999999
0 0.1 0.6181989999999999 0.249375 0.7148220000000001
0 0.11375 0.516886 0.194375 0.591932
0 0.235625 0.43996199999999996 0.286875 0.50469
0 0.240625 0.64728 0.381875 0.737336
0 0.289375 0.560976 0.365 0.637899
0 0.31125 0.44183900000000004 0.37625 0.48592899999999994
0 0.3225 0.399625 0.3575 0.4315199999999999
0 0.36 0.522514 0.451875 0.5759850000000001
0 0.36875 0.399625 0.389375 0.42213900000000004
0 0.394375 0.44183900000000004 0.443125 0.482176
0 0.4275 0.482176 0.453125 0.520638
0 0.445625 0.672608 0.52375 0.7757970000000001
0 0.4575 0.599437 0.534375 0.683865
0 0.490625 0.5394 0.57375 0.6031890000000001
0 0.51375 0.456848 0.58375 0.491557
0 0.558125 0.502814 0.6775 0.5487810000000001
0 0.56375 0.424015 0.606875 0.468105
0 0.649375 0.42964399999999997 0.695625 0.4606
0 0.659375 0.47842399999999996 0.696875 0.516886
0 0.66375 0.5759850000000001 0.73125 0.6491560000000001
0 0.7375 0.581613 0.794375 0.64728
0 0.741875 0.447467 0.77125 0.46998100000000004
0 0.749375 0.407129 0.77875 0.438086
0 0.804375 0.453096 0.835 0.482176
0 0.848125 0.48405299999999996 0.900625 0.541276
