0 0.02 0.33311199999999996 0.073125 0.415559
0 0.08125000000000002 0.410239 0.139375 0.4634310000000001
0 0.098125 0.336436 0.153125 0.382979
0 0.10375000000000001 0.43417600000000006 0.1375 0.47207399999999994
0 0.11499999999999999 0.609043 0.16 0.6735369999999999
0 0.129375 0.519947 0.150625 0.547207
0 0.151875 0.261303 0.18875 0.292553
0 0.15687499999999996 0.34175500000000003 0.21937499999999996 0.394947
0 0.19874999999999998 0.613697 0.22625 0.6569149999999999
0 0.213125 0.34707399999999994 0.253125 0.394947
0 0.258125 0.212101 0.285625 0.249335
0 0.275625 0.25266 0.314375 0.27859
0 0.28375 0.203457 0.308125 0.239362
0 0.28375 0.29587800000000003 0.314375 0.328457
0 0.35 0.189495 0.37875 0.24268600000000004
0 0.431875 0.172207 0.47187499999999993 0.210106
0 0.49625 0.21875 0.52 0.25133
0 0.4975 0.17952100000000001 0.516875 0.208777
0 0.51875 0.239362 0.5975 0.326463
0 0.5975 0.22207399999999997 0.6475 0.26662199999999997
0 0.690625 0.263298 0.7275 0.292553
0 0.711875 0.302527 0.73875 0.328457
0 0.7725 0.328457 0.81125 0.37101100000000004
0 0.785625 0.533245 0.855 0.557181
0 0.7874999999999999 0.259973 0.8224999999999999 0.300532
0 0.7987500000000001 0.577793 0.8224999999999999 0.648271
0 0.801875 0.299202 0.8325 0.328457
0 0.836875 0.49933500000000003 0.86625 0.509309
0 0.85625 0.511303 0.8887499999999999 0.540559
