0 0.1175 0.173333 0.22625 0.37666700000000003
0 0.1075 0.7399999999999999 0.28375 0.998333
0 0.3 0.25 0.375 0.42
0 0.35125 0.24 0.4375 0.476667
0 0.40875 0.37666700000000003 0.51625 0.738333
0 0.5375 0.17666700000000002 0.60875 0.36000000000000004
0 0.54375 0.246667 0.64 0.385
0 0.56 0.411667 0.6575 0.718333
0 0.64375 0.20666700000000002 0.76625 0.446667
0 0.645 0.17666700000000002 0.71625 0.38166700000000003
0 0.7425 0.17166700000000001 0.8125 0.411667
0 0.825 0.795 0.99375 0.998333
0 0.89125 0.183333 0.965 0.428333
0 0.895 0.638333 0.99875 0.91
