0 0.28928899999999996 0.48283500000000007 0.632525 0.836102
0 0.056294000000000004 0.13289 0.08835 0.20598000000000005
0 0.101642 0.13289 0.11337 0.191584
0 0.11180599999999999 0.15171700000000002 0.128225 0.194906
0 0.131353 0.126246 0.154027 0.198228
0 0.179828 0.136213 0.21501199999999998 0.24030999999999997
0 0.22283000000000003 0.130676 0.24472199999999997 0.219269
0 0.266615 0.126246 0.300235 0.23920300000000005
0 0.298671 0.12956800000000002 0.328382 0.23366599999999998
0 0.352619 0.12181600000000001 0.387803 0.22812800000000003
0 0.39014899999999997 0.143965 0.42142299999999994 0.23698799999999998
0 0.425332 0.11295699999999999 0.469898 0.22591399999999998
0 0.47693500000000005 0.116279 0.511337 0.22259099999999998
0 0.55903 0.127353 0.590305 0.22812800000000003
0 0.591087 0.12956800000000002 0.616106 0.220377
0 0.650508 0.14175 0.675528 0.21705399999999997
0 0.6763100000000001 0.130676 0.7021109999999999 0.208195
0 0.6802189999999999 0.178295 0.724003 0.219269
0 0.721658 0.127353 0.73964 0.194906
0 0.723221 0.191584 0.775606 0.23698799999999998
0 0.745895 0.127353 0.77717 0.202658
0 0.8115720000000001 0.15171700000000002 0.8373729999999999 0.219269
0 0.836591 0.27353299999999997 0.898358 0.346622
0 0.8467549999999999 0.135105 0.867084 0.191584
0 0.878812 0.143965 0.895231 0.20376499999999997
0 0.9265049999999999 0.12956800000000002 0.940579 0.180509
0 0.942924 0.14064200000000002 0.9585610000000001 0.180509
0 0.95778 0.143965 0.972635 0.177187
0 0.9882719999999999 0.146179 0.999218 0.182724
