0 0.114167 0.115 0.135 0.140625
0 0.130833 0.263125 0.1625 0.326875
0 0.14416700000000002 0.108125 0.166667 0.1525
0 0.18499999999999997 0.109375 0.2125 0.150625
0 0.24 0.108125 0.2625 0.155625
0 0.2675 0.108125 0.285 0.141875
0 0.2725 0.82125 0.331667 0.889375
0 0.301667 0.109375 0.321667 0.141875
0 0.333333 0.285625 0.365 0.3025
0 0.335833 0.2925 0.380833 0.325
0 0.3375000000000001 0.11625 0.371667 0.140625
0 0.3741670000000001 0.2875 0.40583300000000005 0.323125
0 0.401667 0.406875 0.451667 0.455
0 0.40583300000000005 0.109375 0.43583299999999997 0.14375
0 0.421667 0.25 0.463333 0.32125
0 0.4675 0.471875 0.4991670000000001 0.513125
0 0.47 0.30625 0.526667 0.34
0 0.49499999999999994 0.475 0.52 0.504375
0 0.505833 0.12125 0.545 0.15
0 0.531667 0.308125 0.5675 0.33875
0 0.615 0.119375 0.64 0.151875
