0 0.50625 0.760833 0.619375 0.869167
0 0.0 0.46 0.09625 0.549167
0 0.0525 0.613333 0.12 0.728333
0 0.085 0.1875 0.141875 0.285833
0 0.1725 0.7075 0.21125 0.815833
0 0.193125 0.36999999999999994 0.2375 0.47
0 0.21375 0.513333 0.28 0.650833
0 0.2375 0.6591670000000001 0.349375 0.7233329999999999
0 0.24375 0.7125 0.335625 0.815833
0 0.24875 0.261667 0.31375 0.3825
0 0.261875 0.466667 0.3625 0.535833
0 0.331875 0.5875 0.3925 0.7075
0 0.3575 0.34416699999999995 0.383125 0.399167
0 0.3625 0.6575 0.47 0.8125
0 0.388125 0.504167 0.455625 0.6075
0 0.395 0.9108329999999999 0.43 0.999167
0 0.39875 0.15 0.4375 0.258333
0 0.39875 0.340833 0.465625 0.48
0 0.410625 0.740833 0.503125 0.8024999999999999
0 0.445 0.540833 0.504375 0.67
0 0.458125 0.9091670000000001 0.533125 0.999167
0 0.460625 0.051667 0.501875 0.1875
0 0.5075 0.41 0.620625 0.4925
0 0.525625 0.148333 0.5625 0.189167
0 0.525625 0.485833 0.585 0.594167
0 0.530625 0.568333 0.649375 0.6833329999999999
0 0.543125 0.27 0.568125 0.325
0 0.555 0.306667 0.579375 0.39583299999999993
0 0.6275 0.900833 0.681875 0.999167
0 0.63125 0.2325 0.6675 0.349167
0 0.63625 0.04666699999999999 0.721875 0.115
0 0.643125 0.1325 0.725625 0.224167
0 0.690625 0.3825 0.720625 0.4475
0 0.74375 0.740833 0.78625 0.9025
0 0.796875 0.5925 0.886875 0.733333
0 0.811875 0.37333299999999997 0.86375 0.513333
0 0.93625 0.8366669999999999 0.999375 0.9866670000000001
0 0.97125 0.35333299999999995 0.999375 0.43916700000000003
