0 0.29741700000000004 0.281875 0.562362 0.5475
0 0.035424000000000004 0.000625 0.10405900000000001 0.05875
0 0.194834 0.40375 0.24132800000000001 0.444375
0 0.23321 0.294375 0.313653 0.336875
0 0.2369 0.779375 0.313653 0.8225
0 0.24501799999999999 0.848125 0.31143899999999997 0.88875
0 0.253137 0.680625 0.291513 0.74375
0 0.285609 0.465 0.307749 0.4975
0 0.327675 0.271875 0.390406 0.303125
0 0.398524 0.585 0.468635 0.6225
0 0.46273100000000006 0.21375 0.5195569999999999 0.253125
0 0.545387 0.8275 0.610332 0.875
0 0.551292 0.751875 0.575646 0.779375
0 0.553506 0.610625 0.58155 0.643125
0 0.591882 0.20875 0.670849 0.24125
0 0.646494 0.58125 0.672325 0.605
0 0.6649450000000001 0.391875 0.721033 0.434375
0 0.678967 0.85125 0.7232470000000001 0.92625
0 0.6929890000000001 0.7775 0.715129 0.816875
0 0.721033 0.290625 0.761624 0.325
0 0.8841329999999998 0.315 0.954982 0.355625
