0 0.0 0.0 0.074375 0.19360900000000003
0 0.001875 0.174812 0.210625 0.307331
0 0.185 0.459586 0.330625 0.6287590000000001
0 0.225625 0.733083 0.495 0.870301
0 0.25375 0.235902 0.39 0.360902
0 0.45375 0.608083 0.7075 0.789474
0 0.469375 0.012218 0.55 0.07424800000000001
0 0.4925 0.401316 0.71375 0.486842
0 0.55 0.020677 0.685625 0.18421099999999999
0 0.625625 0.558271 0.875625 0.6654140000000001
0 0.770625 0.118421 0.831875 0.28571399999999997
0 0.820625 0.736842 0.999375 0.866541
0 0.934375 0.611842 0.999375 0.679511
