0 0.574375 0.64 0.731875 0.818333
0 0.1025 0.501667 0.205 0.6225
0 0.14 0.3825 0.224375 0.465833
0 0.146875 0.648333 0.268125 0.794167
0 0.158125 0.15 0.24125 0.214167
0 0.189375 0.25 0.278125 0.3499999999999999
0 0.225625 0.513333 0.313125 0.61
0 0.229375 0.821667 0.300625 0.889167
0 0.263125 0.14166700000000002 0.344375 0.22083299999999997
0 0.269375 0.3758329999999999 0.3625 0.474167
0 0.28375 0.038333 0.36 0.1075
0 0.29 0.6533329999999999 0.416875 0.771667
0 0.335 0.245 0.45 0.351667
0 0.339375 0.520833 0.423125 0.61
0 0.350625 0.821667 0.419375 0.8874999999999998
0 0.37125 0.14166700000000002 0.458125 0.219167
0 0.384375 0.035 0.47875 0.12416700000000001
0 0.40375 0.0 0.4825 0.020833
0 0.40875 0.39666700000000005 0.49 0.47916700000000007
0 0.44375 0.658333 0.55375 0.779167
0 0.454375 0.525833 0.525 0.5966670000000001
0 0.48 0.8275 0.541875 0.8825
0 0.49 0.143333 0.579375 0.2275
0 0.493125 0.25166700000000003 0.62875 0.3725
0 0.508125 0.036667 0.60125 0.1175
0 0.510625 0.0 0.5925 0.020833
0 0.535625 0.4000000000000001 0.615625 0.475833
0 0.555 0.5375 0.613125 0.589167
0 0.5975 0.821667 0.67 0.894167
0 0.610625 0.14166700000000002 0.699375 0.22583300000000003
0 0.62875 0.038333 0.729375 0.13
0 0.6425 0.540833 0.7125 0.598333
0 0.658125 0.403333 0.74875 0.491667
0 0.686875 0.245 0.803125 0.38583300000000004
0 0.7125 0.8166670000000001 0.779375 0.8925
0 0.72 0.148333 0.806875 0.23333299999999998
0 0.738125 0.5375 0.815625 0.616667
0 0.738125 0.658333 0.855625 0.779167
0 0.79125 0.403333 0.87 0.496667
0 0.848125 0.539167 0.905 0.606667
