0 0.327344 0.75625 0.480469 0.845833
0 0.0 0.9250000000000002 0.032031 0.9645829999999999
0 0.0 0.4000000000000001 0.090625 0.45729200000000003
0 0.0 0.659375 0.096094 0.7218750000000002
0 0.0 0.589583 0.157031 0.634375
0 0.038281 0.748958 0.158594 0.795833
0 0.064844 0.8947920000000001 0.172656 0.946875
0 0.085156 0.4000000000000001 0.17890599999999998 0.451042
0 0.088281 0.05520800000000001 0.182031 0.08437500000000002
0 0.155469 0.152083 0.309375 0.23541700000000002
0 0.272656 0.7927079999999999 0.336719 0.876042
0 0.319531 0.516667 0.43828100000000003 0.558333
0 0.350781 0.37916700000000003 0.545313 0.477083
0 0.35625 0.555208 0.475 0.610417
0 0.409375 0.969792 0.575 0.998958
0 0.46015600000000006 0.471875 0.594531 0.50625
0 0.48671899999999996 0.904167 0.602344 0.951042
0 0.500781 0.123958 0.633594 0.222917
0 0.546094 0.092708 0.694531 0.159375
0 0.567187 0.826042 0.63125 0.914583
0 0.715625 0.467708 0.809375 0.501042
0 0.717969 0.930208 0.825 0.9958329999999999
0 0.775781 0.0 0.83125 0.08229199999999999
0 0.8234379999999999 0.623958 0.9789059999999999 0.680208
0 0.8851559999999999 0.766667 0.990625 0.8010420000000001
0 0.8890629999999999 0.8083329999999999 0.9359379999999999 0.836458
0 0.940625 0.451042 0.9992190000000001 0.492708
0 0.95625 0.867708 0.9992190000000001 0.904167
