0 0.591875 0.614167 0.67 0.7275
0 0.0 0.8883329999999999 0.0575 0.969167
0 0.0 0.749167 0.074375 0.845833
0 0.061875 0.685 0.114375 0.7200000000000001
0 0.073125 0.718333 0.16625 0.768333
0 0.08125 0.5925 0.12375 0.633333
0 0.110625 0.676667 0.16125 0.705833
0 0.15875 0.568333 0.186875 0.623333
0 0.17 0.7366670000000001 0.215625 0.768333
0 0.190625 0.660833 0.223125 0.705833
0 0.2025 0.83 0.2475 0.854167
0 0.20875 0.450833 0.24375 0.5025
0 0.223125 0.5341670000000001 0.256875 0.566667
0 0.2425 0.563333 0.325 0.673333
0 0.2875 0.4991670000000001 0.39625 0.581667
0 0.3275 0.47 0.383125 0.49583299999999997
0 0.33 0.6575 0.388125 0.6925
0 0.35625 0.8125 0.413125 0.841667
0 0.36875 0.943333 0.4325 0.975
0 0.373125 0.8675 0.435 0.905833
0 0.388125 0.783333 0.426875 0.8024999999999999
0 0.39875 0.604167 0.4425 0.644167
0 0.426875 0.654167 0.488125 0.678333
0 0.44 0.7366670000000001 0.498125 0.771667
0 0.454375 0.705833 0.496875 0.740833
0 0.461875 0.83 0.5225 0.875
0 0.501875 0.561667 0.54875 0.604167
0 0.539375 0.733333 0.605625 0.794167
0 0.576875 0.864167 0.644375 0.9025
0 0.85875 0.635 0.935 0.725
