0 0.2275 0.491557 0.376875 0.8611629999999999
0 0.0 0.0 0.999375 0.595685
0 0.01125 0.7495310000000001 0.1 0.9990620000000001
0 0.105 0.832083 0.21125 0.9990620000000001
0 0.2075 0.804878 0.32125 0.9990620000000001
0 0.233125 0.454972 0.300625 0.654784
0 0.295625 0.8180109999999999 0.448125 0.9990620000000001
0 0.37125 0.520638 0.42 0.707317
0 0.396875 0.8630389999999999 0.540625 0.9990620000000001
0 0.4225 0.516886 0.505625 0.6857409999999999
0 0.484375 0.370544 0.52875 0.44183900000000004
0 0.52 0.510319 0.61875 0.72045
0 0.596875 0.46998100000000004 0.708125 0.7242029999999999
0 0.641875 0.824578 0.801875 0.9990620000000001
0 0.66375 0.36491599999999996 0.715 0.44559099999999996
0 0.67875 0.5487810000000001 0.760625 0.854597
0 0.699375 0.577861 0.8725 0.8489680000000001
0 0.749375 0.44183900000000004 0.798125 0.5703560000000001
0 0.811875 0.745779 0.946875 0.9934329999999999
0 0.845625 0.332083 0.8775 0.451219
0 0.88 0.44371499999999997 0.93375 0.533771
0 0.8875 0.623827 0.999375 0.9033770000000001
0 0.906875 0.510319 0.996875 0.7645400000000001
0 0.910625 0.354597 0.961875 0.43996199999999996
