0 0.0125 0.497881 0.1075 0.651483
0 0.0675 0.842161 0.188125 0.9512709999999998
0 0.1 0.622881 0.136875 0.738347
0 0.11375 0.533898 0.16875 0.647246
0 0.133125 0.438559 0.17375 0.525424
0 0.133125 0.713983 0.235625 0.815678
0 0.16375 0.538136 0.196875 0.622881
0 0.179375 0.768008 0.240625 0.894068
0 0.198125 0.477754 0.245625 0.596398
0 0.255 0.48411000000000004 0.341875 0.6144069999999999
0 0.255 0.6292369999999999 0.353125 0.731992
0 0.290625 0.486229 0.36875 0.6038140000000001
0 0.305 0.6769069999999999 0.398125 0.790254
0 0.35625 0.498941 0.45875 0.5730930000000001
0 0.415 0.53178 0.47875 0.664195
0 0.48125 0.407839 0.58125 0.577331
0 0.506875 0.692797 0.61125 0.829449
0 0.52875 0.4947029999999999 0.594375 0.610169
0 0.56875 0.366525 0.62875 0.444915
0 0.6225 0.505297 0.67125 0.6038140000000001
0 0.643125 0.724576 0.751875 0.856992
0 0.646875 0.625 0.704375 0.786017
0 0.67625 0.525424 0.749375 0.651483
0 0.78125 0.6207630000000001 0.83875 0.805085
0 0.8325 0.622881 0.925 0.768008
0 0.855625 0.5625 0.913125 0.688559
