0 0.298144 0.289062 0.573086 0.5585939999999999
0 0.006961 0.432813 0.039443 0.47890600000000005
0 0.083527 0.401563 0.134571 0.48593800000000004
0 0.12180999999999999 0.42890600000000006 0.154292 0.49140600000000006
0 0.162413 0.42265600000000003 0.175174 0.47734399999999994
0 0.175174 0.44296899999999995 0.203016 0.49453100000000005
0 0.19025499999999998 0.410156 0.25406 0.489062
0 0.24594000000000005 0.42734399999999995 0.284223 0.480469
0 0.284223 0.43593699999999996 0.33062600000000003 0.46875
0 0.325986 0.432813 0.356148 0.47578100000000006
0 0.356148 0.417188 0.396752 0.47421899999999995
0 0.38979099999999994 0.44453100000000006 0.399072 0.47578100000000006
0 0.519722 0.4375 0.534803 0.46875
0 0.534803 0.44296899999999995 0.562645 0.46718699999999996
0 0.568446 0.44453100000000006 0.603248 0.46718699999999996
0 0.6218100000000001 0.432813 0.647332 0.46171899999999994
0 0.649652 0.45 0.664733 0.471875
0 0.6751739999999999 0.414062 0.7436200000000001 0.4875
0 0.74942 0.4375 0.7749419999999999 0.47421899999999995
0 0.769142 0.45156199999999996 0.794664 0.484375
0 0.7853829999999999 0.4375 0.8132249999999999 0.47421899999999995
0 0.792343 0.46171899999999994 0.8689100000000001 0.48281199999999996
0 0.836427 0.44296899999999995 0.866589 0.465625
0 0.8619490000000001 0.448438 0.896752 0.46875
0 0.902552 0.44609399999999994 0.938515 0.47031300000000004
0 0.9350350000000001 0.42890600000000006 0.9582370000000002 0.46171899999999994
0 0.9605569999999999 0.425781 0.9860790000000001 0.46875
