0 0.4775 0.04627 0.6825 0.525968
0 0.11625 0.440982 0.17375 0.638338
0 0.249375 0.82814 0.288125 0.9093479999999999
0 0.489375 0.723324 0.538125 0.750708
0 0.5125 0.745043 0.558125 0.778093
0 0.655625 0.5609069999999999 0.6825 0.642115
0 0.696875 0.599622 0.751875 0.628895
0 0.735 0.061378999999999996 0.775 0.11237
0 0.81875 0.8479700000000001 0.86875 0.9480639999999999
0 0.8275 0.075543 0.87 0.101983
0 0.87 0.04815900000000001 0.89125 0.11425899999999997
0 0.894375 0.149197 0.916875 0.17185999999999998
0 0.9275 0.106704 0.948125 0.135033
0 0.9425 0.12181299999999999 0.97875 0.166195
