0 0.6099859999999999 0.545549 0.747638 0.644928
0 0.209177 0.30641799999999997 0.30701799999999996 0.341615
0 0.224696 0.4596270000000001 0.324561 0.524845
0 0.350877 0.413043 0.45614 0.467909
0 0.43522299999999997 0.326087 0.522267 0.36956500000000003
0 0.560054 0.658385 0.692308 0.7236020000000001
0 0.652497 0.7826090000000001 0.7766529999999999 0.854037
0 0.778003 0.6190479999999999 0.8873139999999999 0.6708069999999999
0 0.785425 0.4503109999999999 0.8920379999999999 0.48757799999999996
0 0.786775 0.8022770000000001 0.920378 0.856108
0 0.8245610000000001 0.6708069999999999 0.946019 0.736025
0 0.830634 0.9327120000000001 0.954116 0.995859
0 0.9143049999999999 0.755694 0.935897 0.7753620000000001
0 0.9642379999999999 0.845756 0.999325 0.8778469999999998
0 0.975708 0.7256729999999999 0.99865 0.7453420000000001
