0 0.62125 0.7057220000000001 0.8537500000000001 0.918256
0 0.02875 0.522253 0.19625000000000004 0.615804
0 0.03375 0.078111 0.2675 0.199818
0 0.03875 0.217075 0.125 0.315168
0 0.055 0.307902 0.1575 0.42779300000000003
0 0.0625 0.425976 0.125 0.5331520000000001
0 0.0625 0.610354 0.14875 0.690282
0 0.07 0.696639 0.3125 0.9282469999999999
0 0.13375 0.432334 0.23374999999999999 0.5177109999999999
0 0.13375 0.20163499999999998 0.25 0.315168
0 0.15 0.306994 0.27875 0.41507700000000003
0 0.16 0.61762 0.28625 0.681199
0 0.19124999999999998 0.524069 0.3 0.612171
0 0.22 0.42779300000000003 0.33625 0.524069
0 0.25 0.071753 0.37125 0.20435999999999999
0 0.255 0.188919 0.37125 0.311535
0 0.27 0.313352 0.38874999999999993 0.416894
0 0.28375 0.603996 0.45 0.684832
0 0.3125 0.525886 0.47125 0.612171
0 0.31875 0.6866479999999999 0.605 0.9400540000000001
0 0.32625 0.422343 0.43624999999999997 0.5177109999999999
0 0.36875 0.188919 0.5925 0.299728
0 0.39125 0.08356 0.5125 0.187103
0 0.39250000000000007 0.306994 0.6525 0.42416000000000004
0 0.4125 0.42779300000000003 0.5975 0.527702
0 0.46 0.610354 0.605 0.677566
0 0.47375000000000006 0.515895 0.58125 0.610354
0 0.51 0.090827 0.63125 0.190736
0 0.57375 0.512262 0.695 0.594914
0 0.595 0.196185 0.7350000000000001 0.326975
0 0.5975 0.432334 0.7162499999999999 0.512262
0 0.6025 0.606721 0.77625 0.684832
0 0.6325 0.08174400000000001 0.7525000000000001 0.192552
0 0.655 0.322434 0.76375 0.416894
0 0.6825 0.5186189999999999 0.7850000000000001 0.600363
0 0.7024999999999999 0.430518 0.8 0.5186189999999999
0 0.75 0.192552 0.8875 0.32061799999999996
0 0.7525000000000001 0.07356900000000001 0.88 0.19436900000000001
0 0.75875 0.32061799999999996 0.895 0.42052700000000004
0 0.76125 0.506812 0.8875 0.606721
0 0.7825 0.60218 0.8899999999999999 0.692098
0 0.7925 0.430518 0.8875 0.5140779999999999
