0 0.05125 0.702233 0.085625 0.730769
0 0.098125 0.651365 0.135625 0.69727
0 0.16875 0.6290319999999999 0.2075 0.663772
0 0.231875 0.6079399999999999 0.25625 0.646402
0 0.284375 0.6290319999999999 0.32125 0.648883
0 0.36375 0.633995 0.394375 0.666253
0 0.4625 0.76799 0.503125 0.8064520000000001
0 0.551875 0.816377 0.5825 0.83995
0 0.57375 0.781638 0.599375 0.801489
0 0.5825 0.702233 0.61875 0.73201
0 0.62375 0.598015 0.655625 0.636476
0 0.63125 0.717122 0.66375 0.740695
0 0.645625 0.772953 0.68 0.799007
0 0.646875 0.646402 0.685 0.666253
0 0.67625 0.683623 0.701875 0.7245659999999999
