0 0.046113999999999995 0.4375 0.18702 0.52625
0 0.028181 0.22125 0.20580700000000002 0.305
0 0.035867 0.101875 0.201537 0.20625
0 0.035867 0.775 0.201537 0.865625
0 0.040137 0.6625 0.20580700000000002 0.76125
0 0.042699 0.3325 0.20580700000000002 0.42
0 0.04526 0.56125 0.20580700000000002 0.638125
0 0.049530000000000005 0.8775 0.210931 0.985
0 0.22459400000000002 0.22125 0.395389 0.315625
0 0.22886399999999998 0.1175 0.403928 0.1925
0 0.231426 0.5375 0.3877030000000001 0.64875
0 0.238258 0.3325 0.385995 0.418125
0 0.238258 0.450625 0.392827 0.525625
0 0.24338200000000001 0.88125 0.40221999999999997 0.985
0 0.245944 0.781875 0.395389 0.861875
0 0.247652 0.665625 0.395389 0.753125
0 0.422716 0.213125 0.5866779999999999 0.301875
0 0.422716 0.435 0.5866779999999999 0.52875
0 0.42527800000000004 0.771875 0.5866779999999999 0.860625
0 0.42527800000000004 0.105625 0.59351 0.2025
0 0.432109 0.54625 0.588386 0.645
0 0.43467100000000003 0.6625 0.5866779999999999 0.753125
0 0.4372329999999999 0.334375 0.562767 0.42
0 0.441503 0.8825 0.5866779999999999 0.973125
0 0.609735 0.218125 0.7685739999999999 0.30375
0 0.609735 0.6675 0.7728440000000001 0.74625
0 0.616567 0.3175 0.782237 0.418125
0 0.616567 0.773125 0.782237 0.8675
0 0.616567 0.884375 0.782237 0.978125
0 0.619129 0.441875 0.766012 0.539375
0 0.619129 0.55625 0.777968 0.64
0 0.625961 0.106875 0.7711359999999999 0.199375
0 0.782237 0.43875 0.9692569999999999 0.534375
0 0.798463 0.765 0.966695 0.86375
0 0.806149 0.10375 0.9718190000000001 0.1925
0 0.8078569999999999 0.226875 0.962425 0.311875
0 0.8078569999999999 0.548125 0.964133 0.635
0 0.8104180000000001 0.330625 0.959863 0.42125
0 0.8223739999999999 0.65875 0.959863 0.754375
0 0.824082 0.893125 0.962425 0.976875
