0 0.0 0.082 0.016 0.146
0 0.0 0.7730000000000001 0.08733300000000001 0.877
0 0.0 0.143 0.999333 0.877
0 0.016 0.104 0.032667 0.159
0 0.032667 0.123 0.052 0.163
0 0.129333 0.171 0.14466700000000002 0.227
0 0.159333 0.863 0.182667 0.921
0 0.182667 0.967 0.20333299999999999 0.999
0 0.184 0.821 0.209333 0.9
0 0.223333 0.8980000000000001 0.248 0.973
0 0.242667 0.9500000000000001 0.266 0.999
0 0.298 0.817 0.324 0.886
0 0.299333 0.94 0.322667 0.999
0 0.312 0.805 0.335333 0.8669999999999999
0 0.32 0.938 0.335333 0.999
0 0.331333 0.93 0.360667 0.999
0 0.332667 0.7999999999999999 0.357333 0.878
0 0.352 0.952 0.37866700000000003 0.999
0 0.43 0.94 0.457333 0.999
0 0.449333 0.919 0.478667 0.996
0 0.496667 0.892 0.524 0.957
0 0.508667 0.863 0.53 0.9270000000000002
0 0.546 0.821 0.735333 0.957
0 0.753333 0.905 0.769333 0.987
0 0.828667 0.144 0.873333 0.19
0 0.86 0.23 0.884667 0.295
