0 0.0 0.25104299999999996 0.04375 0.297748
0 0.00375 0.406172 0.07625 0.446205
0 0.020625 0.8348620000000001 0.174375 0.9124270000000001
0 0.03875 0.542118 0.174375 0.608007
0 0.05125 0.6438699999999999 0.16125 0.711426
0 0.12125 0.175146 0.179375 0.23102600000000004
0 0.150625 0.435363 0.24625 0.49207700000000004
0 0.218125 0.182652 0.294375 0.237698
0 0.24625 0.392827 0.2875 0.425354
0 0.270625 0.265221 0.348125 0.32193499999999997
0 0.28625 0.087573 0.336875 0.12593800000000002
0 0.301875 0.5663050000000001 0.39625 0.628857
0 0.31875 0.23102600000000004 0.386875 0.271893
0 0.345625 0.41117600000000004 0.424375 0.4770640000000001
0 0.36625 0.533778 0.44875 0.5729770000000001
0 0.375625 0.7681399999999999 0.47625 0.8215180000000001
0 0.414375 0.603002 0.48 0.661384
0 0.43875 0.10508800000000001 0.500625 0.147623
0 0.44375 0.425354 0.55125 0.475396
0 0.4725 0.504587 0.5225 0.5471229999999999
0 0.5225 0.285238 0.601875 0.338616
0 0.55 0.210175 0.60625 0.24937399999999998
0 0.5525 0.41701400000000005 0.59375 0.45788199999999996
0 0.5925 0.451209 0.67625 0.517932
0 0.611875 0.19933299999999998 0.64125 0.24937399999999998
0 0.635 0.509591 0.685 0.528774
0 0.659375 0.182652 0.72375 0.22185200000000002
0 0.668125 0.8281899999999999 0.809375 0.9024190000000001
0 0.696875 0.425354 0.80375 0.478732
0 0.703125 0.397832 0.75875 0.433695
0 0.70875 0.705588 0.771875 0.7698079999999999
0 0.72125 0.478732 0.76625 0.5079229999999999
0 0.730625 0.537114 0.83125 0.59216
0 0.738125 0.106756 0.824375 0.160133
0 0.76375 0.70809 0.885 0.809008
0 0.784375 0.24436999999999998 0.861875 0.281902
0 0.808125 0.619683 0.9175 0.692244
0 0.813125 0.5321100000000001 0.8825 0.5579649999999999
0 0.820625 0.26355300000000004 0.875 0.29941599999999996
0 0.855625 0.368641 0.968125 0.42368599999999995
0 0.8725 0.556297 0.999375 0.630525
0 0.8775 0.165138 0.95375 0.22351999999999997
0 0.891875 0.242702 0.943125 0.281902
0 0.92 0.10508800000000001 0.999375 0.149291
0 0.939375 0.63553 0.995 0.6839029999999999
0 0.95 0.278565 0.999375 0.33527900000000005
