0 0.03875 0.43162399999999995 0.069375 0.48119700000000004
0 0.053125 0.46666700000000005 0.108125 0.508547
0 0.109375 0.46666700000000005 0.164375 0.508547
0 0.211875 0.559829 0.34375 0.815385
0 0.315625 0.401709 0.370625 0.452991
0 0.44375 0.41111099999999995 0.4875 0.447863
0 0.48625 0.454701 0.54 0.48119700000000004
0 0.569375 0.401709 0.613125 0.44957299999999994
0 0.613125 0.4213680000000001 0.6425 0.452991
0 0.683125 0.401709 0.745 0.461538
0 0.85375 0.373504 0.881875 0.46324799999999994
