0 0.266875 0.44 0.38375 0.696667
0 0.1875 0.196667 0.3025 0.2725
0 0.403125 0.4383329999999999 0.50625 0.661667
0 0.403125 0.4883330000000001 0.53125 0.635833
0 0.556875 0.410833 0.665625 0.690833
0 0.560625 0.3725 0.671875 0.545
0 0.641875 0.270833 0.7375 0.429167
0 0.66125 0.410833 0.765 0.639167
0 0.6925 0.178333 0.716875 0.22083299999999997
0 0.73 0.408333 0.794375 0.56
0 0.786875 0.333333 0.8475 0.555
0 0.84125 0.525833 0.97375 0.611667
0 0.874375 0.345 0.999375 0.543333
0 0.9175 0.555 0.999375 0.669167
