0 0.89125 0.550329 0.985625 0.7083729999999999
0 0.0 0.28880500000000003 0.06625 0.43744099999999997
0 0.086875 0.383819 0.138125 0.45249300000000003
0 0.193125 0.761054 0.300625 0.921919
0 0.280625 0.207902 0.37875 0.402634
0 0.291875 0.42803399999999997 0.395625 0.57667
0 0.296875 0.584196 0.398125 0.746002
0 0.3075 0.729069 0.440625 0.9369709999999999
0 0.375 0.009406999999999999 0.5275 0.159925
0 0.541875 0.248354 0.641875 0.364064
0 0.588125 0.45249300000000003 0.701875 0.5606770000000001
0 0.6125 0.718721 0.67125 0.9096899999999999
0 0.696875 0.0 0.775 0.105362
0 0.72 0.747883 0.759375 0.8137350000000001
0 0.755625 0.503293 0.805625 0.57667
0 0.790625 0.539981 0.8725 0.630292
0 0.791875 0.321731 0.83 0.362182
0 0.808125 0.088429 0.87625 0.20602100000000004
0 0.949375 0.13828800000000002 0.999375 0.250235
0 0.968125 0.672625 0.999375 0.7714020000000001
