0 0.01125 0.40820700000000004 0.0475 0.5032399999999999
0 0.02125 0.520518 0.0675 0.658747
0 0.055 0.43628500000000003 0.085 0.555076
0 0.05875 0.4492439999999999 0.1175 0.593952
0 0.095 0.31749499999999997 0.12875 0.39308899999999997
0 0.105 0.395248 0.14 0.481641
0 0.10625 0.561555 0.1625 0.643629
0 0.16125 0.37581 0.19 0.453564
0 0.16375 0.319654 0.19 0.36285100000000003
0 0.16375 0.4946 0.21 0.62203
0 0.16375 0.62203 0.21125 0.691145
0 0.23375 0.4924409999999999 0.27875 0.650108
0 0.25875 0.37581 0.2825 0.49676000000000003
0 0.2975 0.4902810000000001 0.32625 0.617711
0 0.3 0.36285100000000003 0.325 0.46436299999999997
0 0.31375 0.714903 0.38875 0.965443
0 0.32125 0.395248 0.385 0.570194
0 0.32875 0.531317 0.37375 0.62851
0 0.3625 0.4492439999999999 0.415 0.5680350000000001
0 0.365 0.591793 0.415 0.775378
0 0.395 0.5377970000000001 0.4525 0.691145
0 0.43125 0.38876900000000003 0.46625 0.539957
0 0.46125 0.41900600000000005 0.50375 0.5097189999999999
0 0.4675 0.524838 0.49375 0.6047520000000001
0 0.48375 0.161987 0.52 0.274298
0 0.49 0.514039 0.52 0.598272
0 0.50375 0.41900600000000005 0.5475 0.565875
0 0.5475 0.4924409999999999 0.59 0.600432
0 0.57125 0.34125300000000003 0.605 0.416847
0 0.63625 0.38013 0.6575 0.45788299999999993
0 0.65125 0.438445 0.69875 0.589633
0 0.66625 0.285097 0.68875 0.37581
0 0.695 0.414687 0.73 0.5377970000000001
0 0.6975 0.319654 0.74 0.42332600000000004
0 0.70125 0.5097189999999999 0.74125 0.637149
0 0.72875 0.41900600000000005 0.77625 0.572354
0 0.74625 0.367171 0.77375 0.447084
0 0.74875 0.332613 0.7875 0.410367
0 0.7675 0.295896 0.7975 0.37581
0 0.815 0.384449 0.86125 0.522678
0 0.81625 0.32829400000000003 0.85125 0.403888
0 0.8725 0.36285100000000003 0.92875 0.514039
0 0.9325 0.35421199999999997 0.97375 0.4751619999999999
