0 0.30761700000000003 0.19401 0.322266 0.209635
0 0.353516 0.128906 0.369141 0.15625
0 0.374023 0.209635 0.400391 0.263021
0 0.38867199999999996 0.085938 0.396484 0.10416700000000001
0 0.41113299999999997 0.079427 0.421875 0.111979
0 0.41503900000000005 0.001302 0.42480500000000004 0.010417000000000001
0 0.445312 0.001302 0.45800799999999997 0.011719
0 0.44824200000000003 0.098958 0.462891 0.13281199999999999
0 0.474609 0.315104 0.492188 0.324219
0 0.490234 0.154948 0.522461 0.188802
0 0.49706999999999996 0.011719 0.508789 0.023438
0 0.498047 0.0 0.512695 0.007812
0 0.5058590000000001 0.240885 0.513672 0.264323
0 0.5117189999999999 0.127604 0.52832 0.16276
0 0.53125 0.006509999999999999 0.546875 0.040365
0 0.546875 0.251302 0.561523 0.28125
0 0.573242 0.303385 0.586914 0.315104
0 0.576172 0.39974 0.59082 0.4075520000000001
0 0.651367 0.50651 0.6601560000000001 0.5273439999999999
