0 0.3475 0.654784 0.470625 0.9240149999999999
0 0.004375 0.090056 0.0475 0.209193
0 0.009375 0.098499 0.066875 0.250469
0 0.09375 0.438086 0.276875 0.688555
0 0.168125 0.21575999999999995 0.265625 0.36773
0 0.176875 0.60788 0.285 0.813321
0 0.19 0.315197 0.29625 0.5197
0 0.3525 0.42495299999999997 0.5 0.6791739999999999
0 0.366875 0.300188 0.468125 0.49249499999999996
0 0.479375 0.365854 0.579375 0.60788
0 0.54625 0.54409 0.65875 0.8208260000000002
0 0.623125 0.505629 0.725625 0.668856
0 0.715 0.507505 0.820625 0.745779
