0 0.494141 0.418129 0.7753909999999999 1.0
0 0.018555000000000002 0.150585 0.029297000000000004 0.173977
0 0.040039 0.090643 0.049805 0.10818699999999999
0 0.075195 0.137427 0.088867 0.163743
0 0.203125 0.146199 0.216797 0.173977
0 0.29492199999999996 0.5 0.5996090000000001 0.9985379999999998
0 0.359375 0.15204700000000002 0.37011700000000003 0.17836300000000002
0 0.419922 0.149123 0.431641 0.16959100000000002
0 0.45019499999999996 0.08479500000000001 0.45800799999999997 0.109649
0 0.501953 0.127193 0.512695 0.150585
0 0.5839840000000001 0.13450299999999998 0.595703 0.154971
0 0.595703 0.115497 0.606445 0.13450299999999998
0 0.651367 0.131579 0.663086 0.157895
0 0.663086 0.045322 0.678711 0.059941999999999995
0 0.6914060000000001 0.027777999999999994 0.705078 0.05701799999999999
0 0.732422 0.014619999999999998 0.741211 0.030701999999999997
0 0.741211 0.033625999999999996 0.75293 0.049707999999999995
0 0.801758 0.154971 0.8193360000000001 0.22075999999999996
0 0.824219 0.122807 0.8349610000000001 0.15204700000000002
0 0.8369139999999999 0.115497 0.8466799999999999 0.138889
0 0.875977 0.10818699999999999 0.891602 0.14473699999999998
0 0.8779299999999999 0.05701799999999999 0.894531 0.08479500000000001
0 0.8935549999999999 0.048246000000000004 0.9033200000000001 0.068713
0 0.9316409999999999 0.087719 0.9433590000000001 0.116959
0 0.958008 0.143275 0.995117 0.190058
