0 0.724375 0.508333 0.83125 0.634167
0 0.029375 0.2825 0.144375 0.34416699999999995
0 0.0425 0.35333299999999995 0.12125 0.466667
0 0.113125 0.184167 0.194375 0.279167
0 0.16875 0.41 0.28375 0.494167
0 0.263125 0.266667 0.346875 0.355
0 0.295625 0.609167 0.385625 0.685
0 0.336875 0.418333 0.43 0.535833
0 0.336875 0.526667 0.475 0.615
0 0.3525 0.30833299999999997 0.451875 0.43249999999999994
0 0.36125 0.690833 0.48375 0.7991670000000001
0 0.43 0.576667 0.5225 0.685
0 0.74875 0.056666999999999995 0.999375 0.3825
