0 0.0 0.361111 0.115196 0.553922
0 0.012255 0.45915 0.078431 0.70098
0 0.125 0.39869299999999996 0.232843 0.509804
0 0.140931 0.47385600000000005 0.22181399999999998 0.6813730000000001
0 0.155637 0.70098 0.234069 0.836601
0 0.240196 0.446078 0.302696 0.609477
0 0.283088 0.338235 0.458333 0.428105
0 0.352941 0.48366000000000003 0.5343140000000001 0.776144
0 0.40686300000000003 0.20098000000000002 0.610294 0.334967
0 0.41298999999999997 0.638889 0.594363 0.867647
0 0.425245 0.47712400000000005 0.495098 0.6176470000000001
0 0.479167 0.46731999999999996 0.5367649999999999 0.5653590000000001
0 0.490196 0.671569 0.533088 0.743464
0 0.606618 0.651961 0.678922 0.857843
0 0.665441 0.18954200000000002 0.8909309999999999 0.558824
0 0.737745 0.714052 0.876225 0.9264709999999999
