0 0.176758 0.294271 0.40331999999999996 0.854167
0 0.0 0.197917 0.019531 0.242188
0 0.0 0.23697899999999997 0.05859400000000001 0.378906
0 0.011719 0.199219 0.046875 0.244792
0 0.038086 0.197917 0.061523 0.238281
0 0.060547000000000004 0.191406 0.09277300000000001 0.242188
0 0.060547000000000004 0.239583 0.138672 0.419271
0 0.064453 0.222656 0.09472699999999999 0.315104
0 0.09277300000000001 0.186198 0.114258 0.233073
0 0.106445 0.196615 0.130859 0.234375
0 0.126953 0.282552 0.158203 0.39974
0 0.129883 0.203125 0.160156 0.229167
0 0.139648 0.270833 0.186523 0.3919270000000001
0 0.161133 0.196615 0.17968800000000001 0.223958
0 0.176758 0.264323 0.222656 0.39974
0 0.183594 0.191406 0.205078 0.22135399999999997
0 0.19433599999999998 0.16276 0.21581999999999998 0.201823
0 0.205078 0.239583 0.28125 0.4049479999999999
0 0.217773 0.188802 0.240234 0.223958
0 0.248047 0.177083 0.27636700000000003 0.217448
0 0.274414 0.197917 0.300781 0.21875
0 0.30175799999999997 0.16276 0.31543000000000004 0.196615
0 0.31543000000000004 0.192708 0.34179699999999996 0.226562
0 0.33300799999999997 0.257812 0.396484 0.40104200000000007
0 0.337891 0.186198 0.36425799999999997 0.233073
0 0.35449200000000003 0.18099 0.380859 0.227865
0 0.36425799999999997 0.229167 0.400391 0.40104200000000007
0 0.383789 0.12369800000000002 0.45410200000000006 0.397135
0 0.383789 0.308594 0.594727 0.96875
0 0.423828 0.265625 0.53125 0.378906
0 0.429688 0.175781 0.45214799999999994 0.229167
0 0.464844 0.203125 0.533203 0.335938
0 0.47363299999999997 0.182292 0.500977 0.24739600000000003
0 0.508789 0.170573 0.53125 0.21875
0 0.529297 0.165365 0.547852 0.217448
0 0.529297 0.252604 0.594727 0.4049479999999999
0 0.541992 0.157552 0.557617 0.208333
0 0.547852 0.16276 0.569336 0.217448
0 0.563477 0.178385 0.576172 0.223958
0 0.5722659999999999 0.170573 0.591797 0.21875
0 0.581055 0.143229 0.606445 0.21875
0 0.5976560000000001 0.233073 0.6660159999999999 0.419271
0 0.604492 0.178385 0.6347659999999999 0.23177100000000003
0 0.62793 0.178385 0.648438 0.222656
0 0.6308590000000001 0.199219 0.657227 0.23697899999999997
0 0.637695 0.158854 0.665039 0.21875
0 0.654297 0.233073 0.7128909999999999 0.394531
0 0.6679689999999999 0.178385 0.6875 0.222656
0 0.668945 0.143229 0.999023 0.173177
0 0.69043 0.183594 0.7148439999999999 0.23177100000000003
0 0.71582 0.257812 0.796875 0.429688
0 0.720703 0.183594 0.7441409999999999 0.233073
0 0.745117 0.173177 0.762695 0.21875
0 0.756836 0.177083 0.8212889999999999 0.38020799999999993
0 0.790039 0.183594 0.80957 0.222656
0 0.80957 0.186198 0.835938 0.242188
0 0.80957 0.229167 0.854492 0.388021
0 0.827148 0.270833 0.90625 0.4361979999999999
0 0.8310549999999999 0.223958 0.8779299999999999 0.268229
0 0.842773 0.171875 0.863281 0.233073
0 0.8886719999999999 0.208333 0.936523 0.352865
0 0.9130860000000001 0.217448 0.9970700000000001 0.43229200000000007
