0 0.231156 0.5275 0.4212729999999999 0.649375
0 0.0 0.526875 0.08710200000000001 0.58125
0 0.0 0.45 0.164992 0.513125
0 0.027637999999999996 0.610625 0.15829100000000002 0.77125
0 0.142379 0.75875 0.352596 0.88875
0 0.265494 0.713125 0.530988 0.7625
0 0.380235 0.765625 0.588777 0.854375
0 0.455611 0.634375 0.6499159999999999 0.74
0 0.48743699999999995 0.55375 0.595477 0.658125
0 0.48995 0.84125 0.8149080000000001 0.92125
0 0.50335 0.465 0.700167 0.53
0 0.602178 0.541875 0.851759 0.58625
0 0.613903 0.676875 0.8701840000000001 0.795
