0 0.9 0.775091 0.9632809999999999 0.873035
0 0.098438 0.690447 0.12421900000000001 0.726723
0 0.10468699999999999 0.261185 0.139844 0.33010900000000004
0 0.12421900000000001 0.6783560000000001 0.167187 0.718259
0 0.17968800000000001 0.711004 0.213281 0.748488
0 0.1875 0.659008 0.213281 0.706167
0 0.245312 0.266022 0.300781 0.31318
0 0.264844 0.689238 0.290625 0.726723
0 0.304688 0.518742 0.332031 0.551391
0 0.321875 0.423216 0.415625 0.481258
0 0.503125 0.643289 0.530469 0.702539
0 0.602344 0.659008 0.625781 0.689238
0 0.639063 0.21039899999999997 0.669531 0.285369
0 0.661719 0.659008 0.692969 0.71705
0 0.721094 0.708585 0.760156 0.754534
0 0.796094 0.772672 0.828125 0.831923
0 0.8164060000000001 0.650544 0.84375 0.690447
0 0.8265629999999999 0.732769 0.8640620000000001 0.784764
